  Domain Stratum Population Allocation SamplingRate Lower_X1  Upper_X1 Lower_X2  Upper_X2
1      1       1        804         78     0.096891 0.000000  1.446959  0.00000  38.97286
2      1       2        965         92     0.095770 0.000000  3.802026 15.50852  73.20976
3      1       3        723         74     0.101837 1.175621  5.916244 28.05583  68.40705
4      1       4        437         46     0.105043 3.479107  8.731853 34.25202  80.43462
5      1       5        174         19     0.106353 5.440594 12.303164 46.90210 120.70553
   Lower_X3 Upper_X3 Lower_X4  Upper_X4
1   0.00000  89.1031   0.0000  177.3007
2  46.84002 170.2959 177.4111  380.9390
3 107.15412 249.7760 381.4216  649.5135
4 135.71557 317.1282 649.6953  906.9500
5 219.99896 462.6618 908.4930 1537.8878
