SampleNr,StratNr,PointNr,X,Y
1,1,1894,179580,330860
2,1,2837,178820,330020
3,1,256,180900,332980
4,1,1941,179820,330820
5,1,2122,180260,330660
6,1,890,179660,331980
7,1,439,180780,332620
8,1,761,180420,332140
9,1,2873,178940,329980
10,1,2321,178780,330460
11,1,2966,178980,329860
12,1,2499,179660,330340
13,1,940,180220,331940
14,1,2903,178900,329940
15,1,1929,179340,330820
16,1,480,180700,332540
17,1,653,180460,332260
18,1,2348,179860,330460
19,1,316,180780,332860
20,1,2934,178900,329900
21,1,502,180700,332500
22,1,39,181260,333500
23,1,1852,179540,330900
24,1,1517,179540,331260
25,1,654,180500,332260
26,1,1982,179820,330780
27,1,1377,179620,331420
28,1,2708,179780,330180
29,1,2626,180540,330260
30,1,2156,179820,330620
31,1,1172,179580,331660
32,1,2212,180220,330580
33,1,622,180500,332300
34,1,21,181300,333580
35,1,962,179620,331900
36,1,2373,178820,330420
37,1,2874,178980,329980
38,1,240,181100,333020
39,1,255,180860,332980
40,1,1770,179420,330980
41,1,1138,179580,331700
42,1,2009,179220,330740
43,1,92,181300,333340
44,1,2794,180700,330100
45,1,2450,179820,330380
46,1,857,179820,332020
47,1,2680,178660,330180
48,1,171,180860,333140
49,1,1034,179620,331820
50,1,30,181300,333540
51,1,2202,179820,330580
52,1,2157,179860,330620
53,1,2994,178980,329820
54,1,978,180260,331900
55,1,2528,178660,330300
56,1,2327,179020,330460
57,1,2557,179820,330300
58,1,3006,179460,329820
59,1,1817,179740,330940
60,1,1769,179380,330980
61,1,274,180780,332940
62,1,2229,179020,330540
63,1,3070,179180,329700
64,1,2247,179740,330540
65,1,3003,179340,329820
66,1,2215,180340,330580
67,1,936,180060,331940
68,1,859,179900,332020
69,1,1938,179700,330820
70,1,2825,179700,330060
71,1,2501,179740,330340
72,1,895,179860,331980
73,1,254,180820,332980
74,1,3025,179180,329780
75,1,2757,180700,330140
76,1,2011,179300,330740
77,1,396,180700,332700
78,1,2857,179620,330020
79,1,2248,179780,330540
80,1,210,180740,333060
81,1,2213,180260,330580
82,1,2398,179820,330420
83,1,960,179540,331900
84,1,2038,180380,330740
85,1,1848,179380,330900
86,1,2997,179100,329820
87,1,2527,178620,330300
88,1,1736,179580,331020
89,1,3072,179260,329700
90,1,3002,179300,329820
91,1,275,180820,332940
92,1,831,180260,332060
93,1,854,179700,332020
94,1,1002,179780,331860
95,1,1845,179260,330900
96,1,2892,179700,329980
97,1,3029,179340,329780
98,1,723,180380,332180
99,1,2346,179780,330460
100,1,2228,178980,330540
101,1,61,181220,333420
102,1,253,180780,332980
103,1,3055,179420,329740
104,1,2027,179940,330740
105,1,834,180380,332060
106,1,863,180060,332020
107,1,2876,179060,329980
108,1,2078,180260,330700
109,1,2905,178980,329940
110,1,2717,180700,330180
111,1,2839,178900,330020
112,1,797,180380,332100
113,1,1273,179540,331540
114,1,2421,178660,330380
115,1,1943,179900,330820
116,1,3021,179020,329780
117,1,126,181340,333260
118,1,2589,178900,330260
119,1,3010,179620,329820
120,1,2869,178780,329980
121,1,3051,179260,329740
122,1,399,180820,332700
123,1,87,181100,333340
124,1,689,180460,332220
125,1,169,180780,333140
126,1,760,180380,332140
127,1,2640,178900,330220
128,1,1931,179420,330820
129,1,2586,178780,330260
130,1,2861,179780,330020
131,1,239,181060,333020
132,1,2168,180300,330620
133,1,995,179500,331860
134,1,127,181380,333260
135,1,2096,179220,330660
136,1,1205,179540,331620
137,1,867,180220,332020
138,1,2447,179700,330380
139,1,2769,178940,330100
140,1,2064,179700,330700
141,1,64,181340,333420
142,1,75,181220,333380
143,1,319,180900,332860
144,1,1272,179500,331540
145,1,3054,179380,329740
146,1,295,180780,332900
147,1,1663,179540,331100
148,1,2842,179020,330020
149,1,2789,179740,330100
150,1,1552,179460,331220
151,1,934,179980,331940
152,1,2902,178860,329940
153,1,1814,179620,330940
154,1,2577,180620,330300
155,1,2730,178940,330140
156,1,2976,179380,329860
157,1,2082,180420,330700
158,1,1203,179460,331620
159,1,2939,179100,329900
160,1,2206,179980,330580
161,1,868,180260,332020
162,1,1136,179500,331700
163,1,2155,179780,330620
164,1,2250,179860,330540
165,1,2936,178980,329900
166,1,3074,179340,329700
167,1,2944,179300,329900
168,1,2034,180220,330740
169,1,111,181420,333300
170,1,2314,180460,330500
171,1,545,180580,332420
172,1,2682,178740,330180
173,1,74,181180,333380
174,1,2325,178940,330460
175,1,3035,179580,329780
176,1,2208,180060,330580
177,1,903,180180,331980
178,1,3052,179300,329740
179,1,2806,178940,330060
180,1,906,180300,331980
181,1,2108,179700,330660
182,1,2425,178820,330380
183,1,137,181060,333220
184,1,997,179580,331860
185,1,899,180020,331980
186,1,1967,179220,330780
187,1,398,180780,332700
188,1,1410,179540,331380
189,1,2608,179660,330260
190,1,1239,179540,331580
191,1,235,180900,333020
192,1,2609,179700,330260
193,1,1699,179540,331060
194,1,1376,179580,331420
195,1,866,180180,332020
196,1,2686,178900,330180
197,1,544,180540,332420
198,1,2252,179940,330540
199,1,2916,179420,329940
200,1,2275,178900,330500
201,1,3001,179260,329820
202,1,2764,178740,330100
203,1,2476,178740,330340
204,1,964,179700,331900
205,1,101,181020,333300
206,1,415,180660,332660
207,1,1373,179460,331420
208,1,230,180700,333020
209,1,459,180740,332580
210,1,293,180700,332900
211,1,1776,179660,330980
212,1,112,181460,333300
213,1,2788,179700,330100
214,1,2159,179940,330620
215,1,1937,179660,330820
216,1,2274,178860,330500
217,1,2029,180020,330740
218,1,2210,180140,330580
219,1,2681,178700,330180
220,1,1005,179900,331860
221,1,2364,180500,330460
222,1,2075,180140,330700
223,1,419,180820,332660
224,1,1812,179540,330940
225,1,1514,179420,331260
226,1,2660,179700,330220
227,1,2320,178740,330460
228,1,1036,179700,331820
229,1,2591,178980,330260
230,1,1274,179580,331540
231,1,2755,180620,330140
232,1,524,180660,332460
233,1,117,180980,333260
234,1,2953,179660,329900
235,1,2396,179740,330420
236,1,1305,179460,331500
237,1,2116,180020,330660
238,1,2594,179100,330260
239,1,2167,180260,330620
240,1,597,180660,332340
241,1,1000,179700,331860
242,1,2182,179020,330580
243,1,2858,179660,330020
244,1,2484,179060,330340
245,1,2612,179820,330260
246,1,84,180980,333340
247,1,2870,178820,329980
248,1,128,181420,333260
249,1,2375,178900,330420
250,1,2554,179700,330300
251,1,2593,179060,330260
252,1,1371,179380,331420
253,1,107,181260,333300
254,1,150,180820,333180
255,1,2935,178940,329900
256,1,2950,179540,329900
257,1,1374,179500,331420
258,1,2725,178740,330140
259,1,690,180500,332220
260,1,856,179780,332020
261,1,759,180340,332140
262,1,2068,179860,330700
263,1,2118,180100,330660
264,1,967,179820,331900
265,1,3057,179500,329740
266,1,294,180740,332900
267,1,2376,178940,330420
268,1,2432,179100,330380
269,1,40,181300,333500
270,1,2323,178860,330460
271,1,2999,179180,329820
272,1,2983,179660,329860
273,1,2468,180540,330380
274,1,377,180780,332740
275,1,234,180860,333020
276,1,2139,179140,330620
277,1,1887,179300,330860
278,1,2281,179140,330500
279,1,894,179820,331980
280,1,1739,179700,331020
281,1,2207,180020,330580
282,1,2729,178900,330140
283,1,2977,179420,329860
284,1,2076,180180,330700
285,1,2860,179740,330020
286,1,2922,179660,329940
287,1,2162,180060,330620
288,1,437,180700,332620
289,1,2121,180220,330660
290,1,2349,179900,330460
291,1,2329,179100,330460
292,1,2141,179220,330620
293,1,1035,179660,331820
294,1,1591,179580,331180
295,1,2479,178860,330340
296,1,1768,179340,330980
297,1,2115,179980,330660
298,1,355,180700,332780
299,1,1441,179380,331340
300,1,91,181260,333340
301,1,76,181260,333380
302,1,2532,178820,330300
303,1,1013,180220,331860
304,1,1939,179740,330820
305,1,173,180940,333140
306,1,870,180340,332020
307,1,2322,178820,330460
308,1,151,180860,333180
309,1,1255,180180,331580
310,1,2209,180100,330580
311,1,219,181100,333060
312,1,2901,178820,329940
313,1,1442,179420,331340
314,1,1438,179260,331340
315,1,2050,179140,330700
316,1,2553,179660,330300
317,1,3075,179380,329700
318,1,543,180500,332420
319,1,3049,179180,329740
320,1,79,181380,333380
321,1,1171,179540,331660
322,1,2943,179260,329900
323,1,2804,178860,330060
324,1,1405,179340,331380
325,1,798,180420,332100
326,1,2205,179940,330580
327,1,1891,179460,330860
328,1,1810,179460,330940
329,1,2165,180180,330620
330,1,3093,179380,329660
331,1,1775,179620,330980
332,1,1511,179300,331260
333,1,138,181100,333220
334,1,2840,178940,330020
335,1,2180,178940,330580
336,1,336,180780,332820
337,1,2523,180620,330340
338,1,250,180660,332980
339,1,2889,179580,329980
340,1,1942,179860,330820
341,1,2065,179740,330700
342,1,1984,179900,330780
343,1,1979,179700,330780
344,1,1847,179340,330900
345,1,1898,179740,330860
346,1,2422,178700,330380
347,1,2995,179020,329820
348,1,2724,178700,330140
349,1,376,180740,332740
350,1,2714,180580,330180
351,1,2751,179780,330140
352,1,3068,179100,329700
353,1,3030,179380,329780
354,1,2416,180540,330420
355,1,566,180460,332380
356,1,2379,179060,330420
357,1,1342,179580,331460
358,1,2113,179900,330660
359,1,2669,180500,330220
360,1,1853,179580,330900
361,1,272,180700,332940
362,1,2073,180060,330700
363,1,1237,179460,331580
364,1,1070,179660,331780
365,1,1888,179340,330860
366,1,94,181380,333340
367,1,174,180980,333140
368,1,95,181420,333340
369,1,48,181180,333460
370,1,2635,178700,330220
371,1,460,180780,332580
372,1,2952,179620,329900
373,1,2643,179020,330220
374,1,2951,179580,329900
375,1,20,181260,333580
376,1,71,181060,333380
377,1,2429,178980,330380
378,1,1930,179380,330820
379,1,900,180060,331980
380,1,2705,179660,330180
381,1,213,180860,333060
382,1,1439,179300,331340
383,1,2826,179740,330060
384,1,3008,179540,329820
385,1,1700,179580,331060
386,1,273,180740,332940
387,1,2217,180420,330580
388,1,108,181300,333300
389,1,1897,179700,330860
390,1,1771,179460,330980
391,1,861,179980,332020
392,1,2534,178900,330300
393,1,438,180740,332620
394,1,153,180940,333180
395,1,548,180700,332420
396,1,908,180380,331980
397,1,1895,179620,330860
398,1,118,181020,333260
399,1,2661,179740,330220
400,1,2067,179820,330700
401,1,968,179860,331900
402,1,278,180940,332940
403,1,1934,179540,330820
404,1,279,180980,332940
405,1,2641,178940,330220
406,1,2868,178740,329980
407,1,2449,179780,330380
408,1,2704,179620,330180
409,1,724,180420,332180
410,1,2154,179740,330620
411,1,59,181140,333420
412,1,2748,179660,330140
413,1,1846,179300,330900
414,1,2424,178780,330380
415,1,2326,178980,330460
416,1,338,180860,332820
417,1,2124,180340,330660
418,1,931,179860,331940
419,1,2964,178900,329860
420,1,1270,179420,331540
421,1,2747,179620,330140
422,1,2186,179180,330580
423,1,970,179940,331900
424,1,1339,179460,331460
425,1,110,181380,333300
426,1,2184,179100,330580
427,1,927,179700,331940
428,1,943,180340,331940
429,1,522,180580,332460
430,1,2768,178900,330100
431,1,830,180220,332060
432,1,195,180980,333100
433,1,871,180380,332020
434,1,2974,179300,329860
435,1,2345,179740,330460
436,1,938,180140,331940
437,1,2945,179340,329900
438,1,2716,180660,330180
439,1,2767,178860,330100
440,1,2381,179140,330420
441,1,2140,179180,330620
442,1,2138,179100,330620
443,1,2054,179300,330700
444,1,212,180820,333060
445,1,3092,179340,329660
446,1,896,179900,331980
447,1,1375,179540,331420
448,1,864,180100,332020
449,1,233,180820,333020
450,1,1169,179460,331660
451,1,832,180300,332060
452,1,2036,180300,330740
453,1,1135,179460,331700
454,1,3058,179540,329740
455,1,259,181020,332980
456,1,1104,179620,331740
457,1,2790,179780,330100
458,1,1980,179740,330780
459,1,501,180660,332500
460,1,2982,179620,329860
461,1,280,181020,332940
462,1,652,180420,332260
463,1,296,180820,332900
464,1,1849,179420,330900
465,1,2451,179860,330380
466,1,337,180820,332820
467,1,2136,179020,330620
468,1,926,179660,331940
469,1,2968,179060,329860
470,1,1478,179420,331300
471,1,176,181060,333140
472,1,175,181020,333140
473,1,1738,179660,331020
474,1,236,180940,333020
475,1,1206,179580,331620
476,1,125,181300,333260
477,1,2965,178940,329860
478,1,102,181060,333300
479,1,2786,179620,330100
480,1,2970,179140,329860
481,1,1734,179500,331020
482,1,238,181020,333020
483,1,1066,179500,331780
484,1,1516,179500,331260
485,1,300,180980,332900
486,1,2166,180220,330620
487,1,2841,178980,330020
488,1,252,180740,332980
489,1,416,180700,332660
490,1,2538,179060,330300
491,1,1777,179700,330980
492,1,2823,179620,330060
493,1,3028,179300,329780
494,1,2662,179780,330220
495,1,192,180860,333100
496,1,1815,179660,330940
497,1,217,181020,333060
498,1,1372,179420,331420
499,1,1479,179460,331300
500,1,156,181060,333180
501,1,2181,178980,330580
502,1,905,180260,331980
503,1,2024,179820,330740
504,1,2766,178820,330100
505,1,980,180340,331900
506,1,2671,180580,330220
507,1,2535,178940,330300
508,1,2998,179140,329820
509,1,375,180700,332740
510,1,277,180900,332940
511,1,2279,179060,330500
512,1,65,181380,333420
513,1,862,180020,332020
514,1,1513,179380,331260
515,1,571,180660,332380
516,1,397,180740,332700
517,1,2300,179900,330500
518,1,3045,179020,329740
519,1,963,179660,331900
520,1,833,180340,332060
521,1,2272,178780,330500
522,1,1337,179380,331460
523,1,2891,179660,329980
524,1,1555,179580,331220
525,1,3048,179140,329740
526,1,594,180540,332340
527,1,258,180980,332980
528,1,2280,179100,330500
529,1,2914,179340,329940
530,1,1896,179660,330860
531,1,2296,179740,330500
532,1,3004,179380,329820
533,1,999,179660,331860
534,1,335,180740,332820
535,1,2395,179700,330420
536,1,271,180660,332940
537,1,1893,179540,330860
538,1,1983,179860,330780
539,1,3047,179100,329740
540,1,2921,179620,329940
541,1,2277,178980,330500
542,1,2428,178940,330380
543,1,796,180340,332100
544,1,209,180700,333060
545,1,2477,178780,330340
546,1,1204,179500,331620
547,1,1735,179540,331020
548,1,2687,178940,330180
549,1,1731,179380,331020
550,1,354,180660,332780
551,1,2592,179020,330260
552,1,2583,178660,330260
553,1,78,181340,333380
554,1,218,181060,333060
555,1,2423,178740,330380
556,1,2278,179020,330500
557,1,2628,180620,330260
558,2,2754,179900,330140
559,2,1617,179140,331140
560,2,1963,179060,330780
561,2,782,179780,332100
562,2,2134,178940,330620
563,2,617,180300,332300
564,2,2561,179980,330300
565,2,1884,179180,330860
566,2,2582,178620,330260
567,2,3015,178780,329780
568,2,757,180260,332140
569,2,820,179820,332060
570,2,2833,178660,330020
571,2,1917,178860,330820
572,2,23,181020,333540
573,2,519,180460,332460
574,2,2091,179020,330660
575,2,2455,180020,330380
576,2,1956,178780,330780
577,2,2797,178580,330060
578,2,2896,178620,329940
579,2,1653,179140,331100
580,2,132,180860,333220
581,2,2580,178540,330260
582,2,2960,178740,329860
583,2,2677,178540,330180
584,2,540,180380,332420
585,2,2962,178820,329860
586,2,1765,179220,330980
587,2,784,179860,332100
588,2,2667,179980,330220
589,2,455,180580,332580
590,2,706,179700,332180
591,2,97,180860,333300
592,2,2461,180260,330380
593,2,564,180380,332380
594,2,68,180940,333380
595,2,2039,178700,330700
596,2,5,181140,333660
597,2,1693,179300,331060
598,2,618,180340,332300
599,2,2798,178620,330060
600,2,3083,178980,329660
601,2,2712,179940,330180
602,2,15,181060,333580
603,2,56,181020,333420
604,2,2466,180460,330380
605,2,823,179940,332060
606,2,1805,179260,330940
607,2,722,180340,332180
608,2,1551,179420,331220
609,2,2413,180420,330420
610,2,1763,179140,330980
611,2,1964,179100,330780
612,2,2753,179860,330140
613,2,352,180580,332780
614,2,82,180900,333340
615,2,2357,180220,330460
616,2,538,180300,332420
617,2,2620,180300,330260
618,2,2571,180380,330300
619,2,2259,180220,330540
620,2,2666,179940,330220
621,2,1838,178980,330900
622,2,585,180180,332340
623,2,679,180060,332220
624,2,2562,180020,330300
625,2,2664,179860,330220
626,2,2128,178700,330620
627,2,754,180140,332140
628,2,815,179620,332060
629,2,2411,180340,330420
630,2,794,180260,332100
631,2,2897,178660,329940
632,2,2760,178580,330100
633,2,1877,178900,330860
634,2,710,179860,332180
635,2,672,179780,332220
636,2,2985,178620,329820
637,2,648,180260,332260
638,2,2711,179900,330180
639,2,2470,178500,330340
640,2,647,180220,332260
641,2,2581,178580,330260
642,2,412,180540,332660
643,2,1473,179220,331300
644,2,777,179580,332100
645,2,3089,179220,329660
646,2,475,180500,332540
647,2,2832,178620,330020
648,2,2512,180180,330340
649,2,57,181060,333420
650,2,1839,179020,330900
651,2,26,181140,333540
652,2,2260,180260,330540
653,2,2262,180340,330540
654,2,1584,179300,331180
655,2,2616,179980,330260
656,2,2619,180100,330260
657,2,2560,179940,330300
658,2,2961,178780,329860
659,2,98,180900,333300
660,2,53,180900,333420
661,2,1626,179500,331140
662,2,1998,178780,330740
663,2,707,179740,332180
664,2,498,180540,332500
665,2,1881,179060,330860
666,2,2520,180500,330340
667,2,683,180220,332220
668,2,1922,179060,330820
669,2,1589,179500,331180
670,2,96,180820,333300
671,2,1883,179140,330860
672,2,1840,179060,330900
673,2,923,179540,331940
674,2,2350,179940,330460
675,2,562,180300,332380
676,2,539,180340,332420
677,2,1587,179420,331180
678,2,744,179740,332140
679,2,2361,180380,330460
680,2,2799,178660,330060
681,2,3084,179020,329660
682,2,2898,178700,329940
683,2,2041,178780,330700
684,2,2315,178540,330460
685,2,8,181060,333620
686,2,2419,178580,330380
687,2,2173,178660,330580
688,2,591,180420,332340
689,2,1957,178820,330780
690,2,2175,178740,330580
691,2,3060,178780,329700
692,2,3038,178740,329740
693,2,1696,179420,331060
694,2,2506,179940,330340
695,2,115,180900,333260
696,2,1582,179220,331180
697,2,2456,180060,330380
698,2,353,180620,332780
699,2,2414,180460,330420
700,2,786,179940,332100
701,2,2926,178580,329900
702,2,2220,178660,330540
703,2,496,180460,332500
704,2,434,180580,332620
705,2,2829,178500,330020
706,2,2791,179820,330100
707,2,1800,179060,330940
708,2,2614,179900,330260
709,2,1962,179020,330780
710,2,819,179780,332060
711,2,17,181140,333580
712,2,2368,178620,330420
713,2,2513,180220,330340
714,2,2312,180380,330500
715,2,3090,179260,329660
716,2,642,180020,332260
717,2,590,180380,332340
718,2,2452,179900,330380
719,2,2894,178540,329940
720,2,99,180940,333300
721,2,2266,178540,330500
722,2,1959,178900,330780
723,2,785,179900,332100
724,2,2567,180220,330300
725,2,2369,178660,330420
726,2,2679,178620,330180
727,2,2269,178660,330500
728,2,2005,179060,330740
729,2,2569,180300,330300
730,2,2472,178580,330340
731,2,1623,179380,331140
732,2,2454,179980,330380
733,2,1960,178940,330780
734,2,2566,180180,330300
735,2,2223,178780,330540
736,2,2959,178700,329860
737,2,822,179900,332060
738,2,2570,180340,330300
739,2,2511,180140,330340
740,2,611,180060,332300
741,2,3101,179180,329620
742,2,2834,178700,330020
743,2,1657,179300,331100
744,2,1692,179260,331060
745,2,2088,178900,330660
746,2,494,180380,332500
747,2,755,180180,332140
748,2,780,179700,332100
749,2,1508,179180,331260
750,2,55,180980,333420
751,2,2267,178580,330500
752,2,2516,180340,330340
753,2,2302,179980,330500
754,2,2301,179940,330500
755,2,2992,178900,329820
756,2,714,180020,332180
757,2,674,179860,332220
758,2,2761,178620,330100
759,2,18,181180,333580
760,2,2129,178740,330620
761,2,520,180500,332460
762,2,2631,178540,330220
763,2,2047,179020,330700
764,2,678,180020,332220
765,2,2613,179860,330260
766,2,3085,179060,329660
767,2,2990,178820,329820
768,2,2002,178940,330740
769,2,2415,180500,330420
770,2,2678,178580,330180
771,2,2254,180020,330540
772,2,2471,178540,330340
773,2,2174,178700,330580
774,2,887,179540,331980
775,2,1958,178860,330780
776,2,393,180580,332700
777,2,2458,180140,330380
778,2,2268,178620,330500
779,2,32,180980,333500
780,2,19,181220,333580
781,2,2307,180180,330500
782,2,1924,179140,330820
783,2,453,180500,332580
784,2,2365,178500,330420
785,2,745,179780,332140
786,2,2043,178860,330700
787,2,644,180100,332260
788,2,2504,179860,330340
789,2,1619,179220,331140
790,2,2930,178740,329900
791,2,3041,178860,329740
792,2,2092,179060,330660
793,2,2178,178860,330580
794,2,1799,179020,330940
795,2,1725,179140,331020
796,2,413,180580,332660
797,2,720,180260,332180
798,2,2408,180220,330420
799,2,1546,179220,331220
800,2,3043,178940,329740
801,2,850,179540,332020
802,2,2568,180260,330300
803,2,1621,179300,331140
804,2,614,180180,332300
805,2,670,179700,332220
806,2,2615,179940,330260
807,2,2988,178740,329820
808,2,2526,178580,330300
809,2,27,181180,333540
810,2,14,181020,333580
811,2,2958,178660,329860
812,2,888,179580,331980
813,2,2963,178860,329860
814,2,1545,179180,331220
815,2,783,179820,332100
816,2,2130,178780,330620
817,2,24,181060,333540
818,2,516,180340,332460
819,2,715,180060,332180
820,2,638,179860,332260
821,2,2792,179860,330100
822,3,401,180900,332700
823,3,2104,179540,330660
824,3,1193,180420,331660
825,3,1743,179860,331020
826,3,2062,179620,330700
827,3,1166,180700,331700
828,3,922,180940,331980
829,3,1019,180460,331860
830,3,2446,179660,330380
831,3,2699,179420,330180
832,3,1712,180060,331060
833,3,1353,180020,331460
834,3,1313,179780,331500
835,3,1572,180260,331220
836,3,1951,180220,330820
837,3,1532,180140,331260
838,3,1258,180300,331580
839,3,1298,180540,331540
840,3,1390,180140,331420
841,3,2595,179140,330260
842,3,1608,180260,331180
843,3,1568,180100,331220
844,3,1495,180100,331300
845,3,1558,179700,331220
846,3,2491,179340,330340
847,3,2656,179540,330220
848,3,1648,180380,331140
849,3,1570,180180,331220
850,3,2057,179420,330700
851,3,989,180700,331900
852,3,1279,179780,331540
853,3,2496,179540,330340
854,3,1793,180340,330980
855,3,461,180820,332580
856,3,389,181260,332740
857,3,560,181180,332420
858,3,1432,180420,331380
859,3,1319,180020,331500
860,3,534,181060,332460
861,3,2440,179420,330380
862,3,1791,180260,330980
863,3,1403,180660,331420
864,3,527,180780,332460
865,3,2776,179220,330100
866,3,2018,179580,330740
867,3,2331,179180,330460
868,3,384,181060,332740
869,3,1867,180140,330900
870,3,1504,180460,331300
871,3,1201,180740,331660
872,3,1453,179860,331340
873,3,1630,179660,331140
874,3,1346,179740,331460
875,3,1131,180700,331740
876,3,1462,180220,331340
877,3,657,180620,332260
878,3,1573,180300,331220
879,3,1023,180620,331860
880,3,146,181420,333220
881,3,1053,180380,331820
882,3,1360,180300,331460
883,3,837,180500,332060
884,3,2810,179100,330060
885,3,512,181100,332500
886,3,949,180580,331940
887,3,1011,180140,331860
888,3,2100,179380,330660
889,3,2387,179380,330420
890,3,1402,180620,331420
891,3,1607,180220,331180
892,3,206,181420,333100
893,3,1526,179900,331260
894,3,270,181460,332980
895,3,1120,180260,331740
896,3,349,181300,332820
897,3,1241,179620,331580
898,3,282,181100,332940
899,3,985,180540,331900
900,3,1601,179980,331180
901,3,2233,179180,330540
902,3,1974,179500,330780
903,3,1317,179940,331500
904,3,2497,179580,330340
905,3,481,180740,332540
906,3,444,180980,332620
907,3,1422,180020,331380
908,3,2242,179540,330540
909,3,1385,179940,331420
910,3,2775,179180,330100
911,3,956,180860,331940
912,3,1740,179740,331020
913,3,1533,180180,331260
914,3,1869,180220,330900
915,3,1063,180780,331820
916,3,1615,180540,331180
917,3,379,180860,332740
918,3,1578,180500,331220
919,3,1795,180420,330980
920,3,1639,180020,331140
921,3,1496,180140,331300
922,3,1451,179780,331340
923,3,1452,179820,331340
924,3,635,181020,332300
925,3,1467,180420,331340
926,3,2343,179660,330460
927,3,2816,179340,330060
928,3,2605,179540,330260
929,3,1463,180260,331340
930,3,1073,179780,331780
931,3,425,181060,332660
932,3,503,180740,332500
933,3,2887,179500,329980
934,3,470,181180,332580
935,3,986,180580,331900
936,3,1424,180100,331380
937,3,381,180940,332740
938,3,2198,179660,330580
939,3,1297,180500,331540
940,3,424,181020,332660
941,3,1665,179620,331100
942,3,1851,179500,330900
943,3,447,181100,332620
944,3,1259,180340,331580
945,3,1248,179900,331580
946,3,1025,180700,331860
947,3,1486,179740,331300
948,3,1644,180220,331140
949,3,1834,180420,330940
950,3,703,181020,332220
951,3,1329,180420,331500
952,3,699,180860,332220
953,3,2289,179460,330500
954,3,2340,179540,330460
955,3,1710,179980,331060
956,3,2282,179180,330500
957,3,410,181260,332700
958,3,199,181140,333100
959,3,446,181060,332620
960,3,1953,180300,330820
961,3,1302,180700,331540
962,3,1822,179940,330940
963,3,2437,179300,330380
964,3,1491,179940,331300
965,3,975,180140,331900
966,3,803,180620,332100
967,3,1827,180140,330940
968,3,2813,179220,330060
969,3,306,181220,332900
970,3,1788,180140,330980
971,3,1785,180020,330980
972,3,1779,179780,330980
973,3,1026,180740,331860
974,3,1064,180820,331820
975,3,1268,180700,331580
976,3,2487,179180,330340
977,3,164,181380,333180
978,3,733,180780,332180
979,3,326,181180,332860
980,3,1219,180100,331620
981,3,693,180620,332220
982,3,766,180620,332140
983,3,576,180860,332380
984,3,991,180780,331900
985,3,204,181340,333100
986,3,1992,180220,330780
987,3,181,181260,333140
988,3,2738,179260,330140
989,3,700,180900,332220
990,3,1229,180500,331620
991,3,2745,179540,330140
992,3,1681,180260,331100
993,3,1903,179940,330860
994,3,1018,180420,331860
995,3,449,181180,332620
996,3,990,180740,331900
997,3,775,180980,332140
998,3,1720,180380,331060
999,3,1254,180140,331580
1000,3,1990,180140,330780
1001,3,1202,180780,331660
1002,3,468,181100,332580
1003,3,1522,179740,331260
1004,3,1044,180020,331820
1005,3,1906,180060,330860
1006,3,2197,179620,330580
1007,3,1358,180220,331460
1008,3,1789,180180,330980
1009,3,1599,179900,331180
1010,3,365,181100,332780
1011,3,537,181180,332460
1012,3,1380,179740,331420
1013,3,2603,179460,330260
1014,3,462,180860,332580
1015,3,770,180780,332140
1016,3,362,180980,332780
1017,3,382,180980,332740
1018,3,1912,180300,330860
1019,3,2239,179420,330540
1020,3,637,181100,332300
1021,3,579,180980,332380
1022,3,1330,180460,331500
1023,3,1320,180060,331500
1024,3,350,181340,332820
1025,3,1048,180180,331820
1026,3,198,181100,333100
1027,3,1086,180300,331780
1028,3,553,180900,332420
1029,3,1911,180260,330860
1030,3,2773,179100,330100
1031,3,776,181020,332140
1032,3,728,180580,332180
1033,3,1363,180420,331460
1034,3,249,181460,333020
1035,3,1651,180500,331140
1036,3,578,180940,332380
1037,3,2246,179700,330540
1038,3,1235,180740,331620
1039,3,1448,179660,331340
1040,3,1263,180500,331580
1041,3,1753,180260,331020
1042,3,1282,179900,331540
1043,3,1991,180180,330780
1044,3,1348,179820,331460
1045,3,1278,179740,331540
1046,3,1334,180620,331500
1047,3,2014,179420,330740
1048,3,178,181140,333140
1049,3,1417,179820,331380
1050,3,1786,180060,330980
1051,3,1539,180420,331260
1052,3,2854,179500,330020
1053,3,302,181060,332900
1054,3,1218,180060,331620
1055,3,1682,180300,331100
1056,3,1012,180180,331860
1057,3,1528,179980,331260
1058,3,1008,180020,331860
1059,3,1787,180100,330980
1060,3,556,181020,332420
1061,3,1750,180140,331020
1062,3,2780,179380,330100
1063,3,1535,180260,331260
1064,3,309,181340,332900
1065,3,331,181380,332860
1066,3,2016,179500,330740
1067,3,1631,179700,331140
1068,3,913,180580,331980
1069,3,1105,179660,331740
1070,3,1863,179980,330900
1071,3,1152,180140,331700
1072,3,1234,180700,331620
1073,3,836,180460,332060
1074,3,364,181060,332780
1075,3,430,181260,332660
1076,3,987,180620,331900
1077,3,1559,179740,331220
1078,3,2771,179020,330100
1079,3,1577,180460,331220
1080,3,2236,179300,330540
1081,3,2237,179340,330540
1082,3,2019,179620,330740
1083,3,2883,179340,329980
1084,3,1946,180020,330820
1085,3,2917,179460,329940
1086,3,2444,179580,330380
1087,3,1051,180300,331820
1088,3,872,180420,332020
1089,3,2884,179380,329980
1090,3,1217,180020,331620
1091,3,493,181220,332540
1092,3,328,181260,332860
1093,3,450,181220,332620
1094,3,1754,180300,331020
1095,3,2390,179500,330420
1096,3,1481,179540,331300
1097,3,1062,180740,331820
1098,3,2059,179500,330700
1099,3,1122,180340,331740
1100,3,1421,179980,331380
1101,3,285,181220,332940
1102,3,488,181020,332540
1103,3,1129,180620,331740
1104,3,1715,180180,331060
1105,3,1597,179820,331180
1106,3,1602,180020,331180
1107,3,1571,180220,331220
1108,3,1243,179700,331580
1109,3,1095,180660,331780
1110,3,1543,180580,331260
1111,3,1647,180340,331140
1112,3,267,181340,332980
1113,3,1185,180100,331660
1114,3,1030,180900,331860
1115,3,2445,179620,330380
1116,3,2744,179500,330140
1117,3,2739,179300,330140
1118,3,1300,180620,331540
1119,3,2783,179500,330100
1120,3,514,181180,332500
1121,3,1470,180540,331340
1122,3,2544,179300,330300
1123,3,808,180820,332100
1124,3,1262,180460,331580
1125,3,2243,179580,330540
1126,3,346,181180,332820
1127,3,1904,179980,330860
1128,3,1483,179620,331300
1129,3,1072,179740,331780
1130,3,659,180700,332260
1131,3,2294,179660,330500
1132,3,2438,179340,330380
1133,3,1487,179780,331300
1134,3,2383,179220,330420
1135,3,1354,180060,331460
1136,3,634,180980,332300
1137,3,1579,180540,331220
1138,3,2735,179140,330140
1139,3,1994,180300,330780
1140,3,1088,180380,331780
1141,3,2240,179460,330540
1142,3,1148,179980,331700
1143,3,1529,180020,331260
1144,3,2658,179620,330220
1145,3,422,180940,332660
1146,3,1350,179900,331460
1147,3,844,180780,332060
1148,3,656,180580,332260
1149,3,1161,180500,331700
1150,3,1180,179900,331660
1151,3,772,180860,332140
1152,3,1331,180500,331500
1153,3,2778,179300,330100
1154,3,626,180660,332300
1155,3,604,180940,332340
1156,3,2244,179620,330540
1157,3,506,180860,332500
1158,3,1637,179940,331140
1159,3,208,181500,333100
1160,3,244,181260,333020
1161,3,246,181340,333020
1162,3,2389,179460,330420
1163,3,1636,179900,331140
1164,3,2877,179100,329980
1165,3,1466,180380,331340
1166,3,1711,180020,331060
1167,3,465,180980,332580
1168,3,2291,179540,330500
1169,3,142,181260,333220
1170,3,555,180980,332420
1171,3,345,181140,332820
1172,3,2199,179700,330580
1173,3,2486,179140,330340
1174,3,2063,179660,330700
1175,3,2097,179260,330660
1176,3,1345,179700,331460
1177,3,1052,180340,331820
1178,3,1418,179860,331380
1179,3,2030,180060,330740
1180,3,245,181300,333020
1181,3,383,181020,332740
1182,3,1684,180380,331100
1183,3,2488,179220,330340
1184,3,660,180740,332260
1185,3,1454,179900,331340
1186,3,1471,180580,331340
1187,3,1594,179700,331180
1188,3,658,180660,332260
1189,3,2597,179220,330260
1190,3,1365,180500,331460
1191,3,445,181020,332620
1192,3,730,180660,332180
1193,3,702,180980,332220
1194,3,1444,179500,331340
1195,3,1106,179700,331740
1196,3,557,181060,332420
1197,3,1352,179980,331460
1198,3,1289,180180,331540
1199,3,2650,179300,330220
1200,3,912,180540,331980
1201,3,2489,179260,330340
1202,3,973,180060,331900
1203,3,1437,180620,331380
1204,3,535,181100,332460
1205,3,665,180940,332260
1206,3,1638,179980,331140
1207,3,1016,180340,331860
1208,3,140,181180,333220
1209,3,2494,179460,330340
1210,3,1436,180580,331380
1211,3,2193,179460,330580
1212,3,981,180380,331900
1213,3,1024,180660,331860
1214,3,2490,179300,330340
1215,3,2342,179620,330460
1216,3,2055,179340,330700
1217,3,1794,180380,330980
1218,3,1868,180180,330900
1219,3,1645,180260,331140
1220,3,1427,180220,331380
1221,3,974,180100,331900
1222,3,2851,179380,330020
1223,3,2439,179380,330380
1224,3,848,180940,332060
1225,3,628,180740,332300
1226,3,2736,179180,330140
1227,3,1949,180140,330820
1228,3,1142,179740,331700
1229,3,552,180860,332420
1230,3,2821,179540,330060
1231,3,1748,180060,331020
1232,3,1434,180500,331380
1233,3,845,180820,332060
1234,3,668,181060,332260
1235,3,1215,179940,331620
1236,3,2436,179260,330380
1237,3,1524,179820,331260
1238,3,1059,180620,331820
1239,3,630,180820,332300
1240,3,734,180820,332180
1241,3,2809,179060,330060
1242,3,1079,180020,331780
1243,3,2886,179460,329980
1244,3,1862,179940,330900
1245,3,2332,179220,330460
1246,3,554,180940,332420
1247,3,2191,179380,330580
1248,3,1823,179980,330940
1249,3,1125,180460,331740
1250,3,1288,180140,331540
1251,3,911,180500,331980
1252,3,484,180860,332540
1253,3,165,181420,333180
1254,3,662,180820,332260
1255,3,360,180900,332780
1256,3,1419,179900,331380
1257,3,2746,179580,330140
1258,3,222,181220,333060
1259,3,2101,179420,330660
1260,3,910,180460,331980
1261,3,310,181380,332900
1262,3,2644,179060,330220
1263,3,166,181460,333180
1264,3,1284,179980,331540
1265,3,1430,180340,331380
1266,3,1283,179940,331540
1267,3,1562,179860,331220
1268,3,308,181300,332900
1269,3,2245,179660,330540
1270,3,953,180740,331940
1271,3,1318,179980,331500
1272,3,1634,179820,331140
1273,3,290,181420,332940
1274,3,1456,179980,331340
1275,3,1134,180820,331740
1276,3,1182,179980,331660
1277,3,704,181060,332220
1278,3,1605,180140,331180
1279,3,1435,180540,331380
1280,3,1071,179700,331780
1281,3,2103,179500,330660
1282,3,1191,180340,331660
1283,3,2542,179220,330300
1284,3,1713,180100,331060
1285,3,1210,179740,331620
1286,3,914,180620,331980
1287,3,1389,180100,331420
1288,3,1253,180100,331580
1289,3,1055,180460,331820
1290,3,625,180620,332300
1291,3,2391,179540,330420
1292,3,464,180940,332580
1293,3,1364,180460,331460
1294,3,1936,179620,330820
1295,3,1115,180060,331740
1296,3,2785,179580,330100
1297,3,1029,180860,331860
1298,3,1993,180260,330780
1299,3,1945,179980,330820
1300,3,1130,180660,331740
1301,3,812,180980,332100
1302,3,1542,180540,331260
1303,3,1285,180020,331540
1304,3,1954,180340,330820
1305,3,1565,179980,331220
1306,3,184,181380,333140
1307,3,1703,179700,331060
1308,3,303,181100,332900
1309,3,471,181220,332580
1310,3,2691,179100,330180
1311,3,738,180980,332180
1312,3,958,180940,331940
1313,3,1859,179820,330900
1314,3,581,181060,332380
1315,3,1139,179620,331700
1316,3,1468,180460,331340
1317,3,982,180420,331900
1318,3,1293,180340,331540
1319,3,1049,180220,331820
1320,3,1749,180100,331020
1321,3,1192,180380,331660
1322,3,1153,180180,331700
1323,3,2147,179460,330620
1324,3,763,180500,332140
1325,3,1246,179820,331580
1326,3,344,181100,332820
1327,3,1500,180300,331300
1328,3,1721,180420,331060
1329,3,1952,180260,330820
1330,3,1635,179860,331140
1331,3,242,181180,333020
1332,3,954,180780,331940
1333,3,2386,179340,330420
1334,3,2015,179460,330740
1335,3,2853,179460,330020
1336,3,1714,180140,331060
1337,3,405,181060,332700
1338,3,1976,179580,330780
1339,3,1233,180660,331620
1340,3,1828,180180,330940
1341,3,1108,179780,331740
1342,3,1443,179460,331340
1343,3,1914,180380,330860
1344,3,1973,179460,330780
1345,3,1226,180380,331620
1346,3,1709,179940,331060
1347,3,1829,180220,330940
1348,3,1538,180380,331260
1349,3,2879,179180,329980
1350,3,264,181220,332980
1351,3,1224,180300,331620
1352,3,771,180820,332140
1353,3,202,181260,333100
1354,3,487,180980,332540
1355,3,1742,179820,331020
1356,3,1214,179900,331620
1357,3,409,181220,332700
1358,3,324,181100,332860
1359,3,1701,179620,331060
1360,3,1027,180780,331860
1361,3,1611,180380,331180
1362,3,1085,180260,331780
1363,3,2234,179220,330540
1364,3,1165,180660,331700
1365,3,1037,179740,331820
1366,3,920,180860,331980
1367,3,2551,179580,330300
1368,3,875,180540,332020
1369,3,1874,180420,330900
1370,3,1009,180060,331860
1371,3,1988,180060,330780
1372,3,992,180820,331900
1373,3,2694,179220,330180
1374,3,1399,180500,331420
1375,3,472,181260,332580
1376,3,243,181220,333020
1377,3,2190,179340,330580
1378,3,426,181100,332660
1379,3,1177,179780,331660
1380,3,2150,179580,330620
1381,3,1507,180580,331300
1382,3,1574,180340,331220
1383,3,2149,179540,330620
1384,3,448,181140,332620
1385,3,1850,179460,330900
1386,3,1503,180420,331300
1387,3,946,180460,331940
1388,3,2339,179500,330460
1389,3,1995,180340,330780
1390,3,2284,179260,330500
1391,3,1047,180140,331820
1392,3,1955,180380,330820
1393,3,1670,179820,331100
1394,3,1094,180620,331780
1395,3,1162,180540,331700
1396,3,1899,179780,330860
1397,3,577,180900,332380
1398,3,917,180740,331980
1399,3,1674,179980,331100
1400,3,769,180740,332140
1401,3,2688,178980,330180
1402,3,387,181180,332740
1403,3,1783,179940,330980
1404,3,2779,179340,330100
1405,3,1021,180540,331860
1406,3,1281,179860,331540
1407,3,1133,180780,331740
1408,3,343,181060,332820
1409,3,1866,180100,330900
1410,3,1633,179780,331140
1411,3,2283,179220,330500
1412,3,1499,180260,331300
1413,3,1332,180540,331500
1414,3,2657,179580,330220
1415,3,2814,179260,330060
1416,3,1561,179820,331220
1417,3,1826,180100,330940
1418,3,609,181140,332340
1419,3,698,180820,332220
1420,3,921,180900,331980
1421,3,1534,180220,331260
1422,3,227,181420,333060
1423,3,421,180900,332660
1424,3,1292,180300,331540
1425,3,1858,179780,330900
1426,3,765,180580,332140
1427,3,168,181540,333180
1428,3,2151,179620,330620
1429,3,221,181180,333060
1430,3,1200,180700,331660
1431,3,390,181300,332740
1432,3,945,180420,331940
1433,3,729,180620,332180
1434,3,1154,180220,331700
1435,3,1460,180140,331340
1436,3,1520,179660,331260
1437,3,1501,180340,331300
1438,3,918,180780,331980
1439,3,1746,179980,331020
1440,3,1461,180180,331340
1441,3,1413,179660,331380
1442,3,661,180780,332260
1443,3,1905,180020,330860
1444,3,1056,180500,331820
1445,3,1519,179620,331260
1446,3,1065,180860,331820
1447,3,694,180660,332220
1448,3,1357,180180,331460
1449,3,1003,179820,331860
1450,3,1632,179740,331140
1451,3,325,181140,332860
1452,3,2850,179340,330020
1453,3,1416,179780,331380
1454,3,489,181060,332540
1455,3,201,181220,333100
1456,3,950,180620,331940
1457,3,2295,179700,330500
1458,3,2645,179100,330220
1459,3,599,180740,332340
1460,3,1676,180060,331100
1461,3,307,181260,332900
1462,3,1112,179940,331740
1463,3,1569,180140,331220
1464,3,441,180860,332620
1465,3,1401,180580,331420
1466,3,1493,180020,331300
1467,3,1315,179860,331500
1468,3,1327,180340,331500
1469,3,1523,179780,331260
1470,3,1328,180380,331500
1471,3,1091,180500,331780
1472,3,1790,180220,330980
1473,3,574,180780,332380
1474,3,1978,179660,330780
1475,3,1381,179780,331420
1476,3,1675,180020,331100
1477,3,161,181260,333180
1478,3,2843,179060,330020
1479,3,1536,180300,331260
1480,3,1423,180060,331380
1481,3,1264,180540,331580
1482,3,2152,179660,330620
1483,3,607,181060,332340
1484,3,1249,179940,331580
1485,3,1707,179860,331060
1486,3,508,180940,332500
1487,3,513,181140,332500
1488,3,1060,180660,331820
1489,3,1245,179780,331580
1490,3,582,181100,332380
1491,3,2732,179020,330140
1492,3,629,180780,332300
1493,3,158,181140,333180
1494,3,368,181220,332780
1495,3,2241,179500,330540
1496,3,1199,180660,331660
1497,3,1386,179980,331420
1498,3,2654,179460,330220
1499,3,1212,179820,331620
1500,3,2599,179300,330260
1501,3,1593,179660,331180
1502,3,1383,179860,331420
1503,3,1498,180220,331300
1504,3,1007,179980,331860
1505,3,205,181380,333100
1506,3,1287,180100,331540
1507,3,1889,179380,330860
1508,3,877,180620,332020
1509,3,1195,180500,331660
1510,3,1537,180340,331260
1511,3,1397,180420,331420
1512,3,1359,180260,331460
1513,3,2394,179660,330420
1514,3,1445,179540,331340
1515,3,804,180660,332100
1516,3,2822,179580,330060
1517,3,1124,180420,331740
1518,3,1596,179780,331180
1519,3,361,180940,332780
1520,3,2336,179380,330460
1521,3,1347,179780,331460
1522,3,636,181060,332300
1523,3,1464,180300,331340
1524,3,909,180420,331980
1525,3,407,181140,332700
1526,3,1745,179940,331020
1527,3,2148,179500,330620
1528,3,1388,180060,331420
1529,3,1722,180460,331060
1530,3,549,180740,332420
1531,3,2382,179180,330420
1532,3,1668,179740,331100
1533,3,1824,180020,330940
1534,3,1414,179700,331380
1535,3,1321,180100,331500
1536,3,1335,180660,331500
1537,3,1669,179780,331100
1538,3,1265,180580,331580
1539,3,2434,179180,330380
1540,3,1744,179900,331020
1541,3,187,181500,333140
1542,3,1216,179980,331620
1543,3,1457,180020,331340
1544,3,2443,179540,330380
1545,3,2812,179180,330060
1546,3,1497,180180,331300
1547,3,2144,179340,330620
1548,3,608,181100,332340
1549,3,1428,180260,331380
1550,3,1708,179900,331060
1551,3,1433,180460,331380
1552,3,1610,180340,331180
1553,3,1751,180180,331020
1554,3,1947,180060,330820
1555,3,669,181100,332260
1556,3,509,180980,332500
1557,3,148,181500,333220
1558,3,1211,179780,331620
1559,3,327,181220,332860
1560,3,183,181340,333140
1561,3,385,181100,332740
1562,3,2845,179140,330020
1563,3,1082,180140,331780
1564,3,1367,180580,331460
1565,3,1975,179540,330780
1566,3,1326,180300,331500
1567,3,1832,180340,330940
1568,3,1109,179820,331740
1569,3,2435,179220,330380
1570,3,1294,180380,331540
1571,3,1261,180420,331580
1572,3,359,180860,332780
1573,3,2604,179500,330260
1574,3,225,181340,333060
1575,3,2919,179540,329940
1576,3,2441,179460,330380
1577,3,1392,180220,331420
1578,3,2649,179260,330220
1579,3,1311,179700,331500
1580,3,1907,180100,330860
1581,3,1336,180700,331500
1582,3,550,180780,332420
1583,3,1022,180580,331860
1584,3,404,181020,332700
1585,3,1629,179620,331140
1586,3,2737,179220,330140
1587,3,167,181500,333180
1588,3,1564,179940,331220
1589,3,145,181380,333220
1590,3,1123,180380,331740
1591,3,838,180540,332060
1592,3,402,180940,332700
1593,3,2492,179380,330340
1594,3,180,181220,333140
1595,3,1935,179580,330820
1596,3,603,180900,332340
1597,3,507,180900,332500
1598,3,177,181100,333140
1599,3,1158,180380,331700
1600,3,1716,180220,331060
1601,3,839,180580,332060
1602,3,1831,180300,330940
1603,3,265,181260,332980
1604,3,2194,179500,330580
1605,3,1492,179980,331300
1606,3,767,180660,332140
1607,3,1087,180340,331780
1608,3,1168,180780,331700
1609,3,2606,179580,330260
1610,3,809,180860,332100
1611,3,2882,179300,329980
1612,3,2187,179220,330580
1613,3,2384,179260,330420
1614,3,2495,179500,330340
1615,3,1465,180340,331340
1616,3,1244,179740,331580
1617,3,1356,180140,331460
1618,3,1706,179820,331060
1619,3,1260,180380,331580
1620,3,1450,179740,331340
1621,3,1227,180420,331620
1622,3,664,180900,332260
1623,3,1208,179660,331620
1624,3,882,180820,332020
1625,3,1316,179900,331500
1626,3,1717,180260,331060
1627,3,1685,180420,331100
1628,3,1485,179700,331300
1629,3,268,181380,332980
1630,3,1266,180620,331580
1631,3,2195,179540,330580
1632,3,2098,179300,330660
1633,3,984,180500,331900
1634,3,1242,179660,331580
1635,3,2731,178980,330140
1636,3,2338,179460,330460
1637,3,2772,179060,330100
1638,3,2820,179500,330060
1639,3,835,180420,332060
1640,3,731,180700,332180
1641,3,529,180860,332460
1642,3,633,180940,332300
1643,3,2102,179460,330660
1644,3,1096,180700,331780
1645,3,2781,179420,330100
1646,3,955,180820,331940
1647,3,391,181340,332740
1648,3,1141,179700,331700
1649,3,408,181180,332700
1650,3,1864,180020,330900
1651,3,1609,180300,331180
1652,3,840,180620,332060
1653,3,2189,179300,330580
1654,3,1267,180660,331580
1655,3,2287,179380,330500
1656,3,2696,179300,330180
1657,3,2543,179260,330300
1658,3,2344,179700,330460
1659,3,2700,179460,330180
1660,3,1563,179900,331220
1661,3,559,181140,332420
1662,3,2733,179060,330140
1663,3,380,180900,332740
1664,3,1178,179820,331660
1665,3,2818,179420,330060
1666,3,157,181100,333180
1667,3,423,180980,332660
1668,3,1977,179620,330780
1669,3,1901,179860,330860
1670,3,2878,179140,329980
1671,3,1183,180020,331660
1672,3,606,181020,332340
1673,3,530,180900,332460
1674,3,575,180820,332380
1675,3,2881,179260,329980
1676,3,1213,179860,331620
1677,3,2031,180100,330740
1678,3,732,180740,332180
1679,3,2058,179460,330700
1680,3,1704,179740,331060
1681,3,1045,180060,331820
1682,3,1792,180300,330980
1683,3,1127,180540,331740
1684,3,263,181180,332980
1685,3,1092,180540,331780
1686,3,428,181180,332660
1687,3,1054,180420,331820
1688,3,427,181140,332660
1689,3,2819,179460,330060
1690,3,1429,180300,331380
1691,3,1225,180340,331620
1692,3,363,181020,332780
1693,3,1872,180340,330900
1694,3,1541,180500,331260
1695,3,1163,180580,331700
1696,3,2493,179420,330340
1697,3,2646,179140,330220
1698,3,1680,180220,331100
1699,3,1649,180420,331140
1700,3,1861,179900,330900
1701,3,805,180700,332100
1702,3,469,181140,332580
1703,3,1505,180500,331300
1704,3,2020,179660,330740
1705,3,2541,179180,330300
1706,3,1567,180060,331220
1707,3,1277,179700,331540
1708,3,1556,179620,331220
1709,3,262,181140,332980
1710,3,2697,179340,330180
1711,3,849,180980,332060
1712,3,874,180500,332020
1713,3,1640,180060,331140
1714,3,348,181260,332820
1715,3,1179,179860,331660
1716,3,1687,180500,331100
1717,3,2335,179340,330460
1718,3,663,180860,332260
1719,3,736,180900,332180
1720,3,2235,179260,330540
1721,3,2600,179340,330260
1722,3,2341,179580,330460
1723,3,1231,180580,331620
1724,3,1175,179700,331660
1725,3,1643,180180,331140
1726,3,727,180540,332180
1727,3,1174,179660,331660
1728,3,1050,180260,331820
