X,Y,Stratum
181140,333700,2
181180,333700,2
181220,333700,2
181100,333660,2
181140,333660,2
181180,333660,2
181220,333660,2
181060,333620,2
181100,333620,2
181140,333620,2
181180,333620,2
181220,333620,2
181260,333620,2
181020,333580,2
181060,333580,2
181100,333580,2
181140,333580,2
181180,333580,2
181220,333580,2
181260,333580,1
181300,333580,1
180980,333540,2
181020,333540,2
181060,333540,2
181100,333540,2
181140,333540,2
181180,333540,2
181220,333540,2
181260,333540,1
181300,333540,1
180940,333500,2
180980,333500,2
181020,333500,2
181060,333500,2
181100,333500,2
181140,333500,2
181180,333500,1
181220,333500,1
181260,333500,1
181300,333500,1
181340,333500,1
180940,333460,2
180980,333460,2
181020,333460,2
181060,333460,2
181100,333460,2
181140,333460,2
181180,333460,1
181220,333460,1
181260,333460,1
181300,333460,1
181340,333460,1
180900,333420,2
180940,333420,2
180980,333420,2
181020,333420,2
181060,333420,2
181100,333420,1
181140,333420,1
181180,333420,1
181220,333420,1
181260,333420,1
181300,333420,1
181340,333420,1
181380,333420,1
180860,333380,2
180900,333380,2
180940,333380,2
180980,333380,2
181020,333380,1
181060,333380,1
181100,333380,1
181140,333380,1
181180,333380,1
181220,333380,1
181260,333380,1
181300,333380,1
181340,333380,1
181380,333380,1
181420,333380,1
180860,333340,2
180900,333340,2
180940,333340,2
180980,333340,1
181020,333340,1
181060,333340,1
181100,333340,1
181140,333340,1
181180,333340,1
181220,333340,1
181260,333340,1
181300,333340,1
181340,333340,1
181380,333340,1
181420,333340,1
180820,333300,2
180860,333300,2
180900,333300,2
180940,333300,2
180980,333300,1
181020,333300,1
181060,333300,1
181100,333300,1
181140,333300,1
181180,333300,1
181220,333300,1
181260,333300,1
181300,333300,1
181340,333300,1
181380,333300,1
181420,333300,1
181460,333300,1
180820,333260,2
180860,333260,2
180900,333260,2
180940,333260,1
180980,333260,1
181020,333260,1
181060,333260,1
181100,333260,1
181140,333260,1
181180,333260,1
181220,333260,1
181260,333260,1
181300,333260,1
181340,333260,1
181380,333260,1
181420,333260,1
181460,333260,3
180780,333220,2
180820,333220,2
180860,333220,2
180900,333220,1
180940,333220,1
180980,333220,1
181020,333220,1
181060,333220,1
181100,333220,1
181140,333220,1
181180,333220,3
181220,333220,3
181260,333220,3
181300,333220,3
181340,333220,3
181380,333220,3
181420,333220,3
181460,333220,3
181500,333220,3
180780,333180,1
180820,333180,1
180860,333180,1
180900,333180,1
180940,333180,1
180980,333180,1
181020,333180,1
181060,333180,1
181100,333180,3
181140,333180,3
181180,333180,3
181220,333180,3
181260,333180,3
181300,333180,3
181340,333180,3
181380,333180,3
181420,333180,3
181460,333180,3
181500,333180,3
181540,333180,3
180780,333140,1
180820,333140,1
180860,333140,1
180900,333140,1
180940,333140,1
180980,333140,1
181020,333140,1
181060,333140,1
181100,333140,3
181140,333140,3
181180,333140,3
181220,333140,3
181260,333140,3
181300,333140,3
181340,333140,3
181380,333140,3
181420,333140,3
181460,333140,3
181500,333140,3
181540,333140,3
180740,333100,1
180780,333100,1
180820,333100,1
180860,333100,1
180900,333100,1
180940,333100,1
180980,333100,1
181020,333100,1
181060,333100,1
181100,333100,3
181140,333100,3
181180,333100,3
181220,333100,3
181260,333100,3
181300,333100,3
181340,333100,3
181380,333100,3
181420,333100,3
181460,333100,3
181500,333100,3
180700,333060,1
180740,333060,1
180780,333060,1
180820,333060,1
180860,333060,1
180900,333060,1
180940,333060,1
180980,333060,1
181020,333060,1
181060,333060,1
181100,333060,1
181140,333060,3
181180,333060,3
181220,333060,3
181260,333060,3
181300,333060,3
181340,333060,3
181380,333060,3
181420,333060,3
181460,333060,3
181500,333060,3
180700,333020,1
180740,333020,1
180780,333020,1
180820,333020,1
180860,333020,1
180900,333020,1
180940,333020,1
180980,333020,1
181020,333020,1
181060,333020,1
181100,333020,1
181140,333020,3
181180,333020,3
181220,333020,3
181260,333020,3
181300,333020,3
181340,333020,3
181380,333020,3
181420,333020,3
181460,333020,3
180660,332980,1
180700,332980,1
180740,332980,1
180780,332980,1
180820,332980,1
180860,332980,1
180900,332980,1
180940,332980,1
180980,332980,1
181020,332980,1
181060,332980,1
181100,332980,3
181140,332980,3
181180,332980,3
181220,332980,3
181260,332980,3
181300,332980,3
181340,332980,3
181380,332980,3
181420,332980,3
181460,332980,3
180660,332940,1
180700,332940,1
180740,332940,1
180780,332940,1
180820,332940,1
180860,332940,1
180900,332940,1
180940,332940,1
180980,332940,1
181020,332940,1
181060,332940,1
181100,332940,3
181140,332940,3
181180,332940,3
181220,332940,3
181260,332940,3
181300,332940,3
181340,332940,3
181380,332940,3
181420,332940,3
180620,332900,1
180660,332900,1
180700,332900,1
180740,332900,1
180780,332900,1
180820,332900,1
180860,332900,1
180900,332900,1
180940,332900,1
180980,332900,1
181020,332900,1
181060,332900,3
181100,332900,3
181140,332900,3
181180,332900,3
181220,332900,3
181260,332900,3
181300,332900,3
181340,332900,3
181380,332900,3
181420,332900,3
180620,332860,2
180660,332860,1
180700,332860,1
180740,332860,1
180780,332860,1
180820,332860,1
180860,332860,1
180900,332860,1
180940,332860,1
180980,332860,1
181020,332860,1
181060,332860,3
181100,332860,3
181140,332860,3
181180,332860,3
181220,332860,3
181260,332860,3
181300,332860,3
181340,332860,3
181380,332860,3
180620,332820,2
180660,332820,1
180700,332820,1
180740,332820,1
180780,332820,1
180820,332820,1
180860,332820,1
180900,332820,1
180940,332820,1
180980,332820,1
181020,332820,3
181060,332820,3
181100,332820,3
181140,332820,3
181180,332820,3
181220,332820,3
181260,332820,3
181300,332820,3
181340,332820,3
181380,332820,3
180580,332780,2
180620,332780,2
180660,332780,1
180700,332780,1
180740,332780,1
180780,332780,1
180820,332780,3
180860,332780,3
180900,332780,3
180940,332780,3
180980,332780,3
181020,332780,3
181060,332780,3
181100,332780,3
181140,332780,3
181180,332780,3
181220,332780,3
181260,332780,3
181300,332780,3
181340,332780,3
180580,332740,2
180620,332740,2
180660,332740,1
180700,332740,1
180740,332740,1
180780,332740,1
180820,332740,1
180860,332740,3
180900,332740,3
180940,332740,3
180980,332740,3
181020,332740,3
181060,332740,3
181100,332740,3
181140,332740,3
181180,332740,3
181220,332740,3
181260,332740,3
181300,332740,3
181340,332740,3
180540,332700,2
180580,332700,2
180620,332700,2
180660,332700,1
180700,332700,1
180740,332700,1
180780,332700,1
180820,332700,1
180860,332700,3
180900,332700,3
180940,332700,3
180980,332700,3
181020,332700,3
181060,332700,3
181100,332700,3
181140,332700,3
181180,332700,3
181220,332700,3
181260,332700,3
181300,332700,3
180540,332660,2
180580,332660,2
180620,332660,1
180660,332660,1
180700,332660,1
180740,332660,1
180780,332660,1
180820,332660,1
180860,332660,3
180900,332660,3
180940,332660,3
180980,332660,3
181020,332660,3
181060,332660,3
181100,332660,3
181140,332660,3
181180,332660,3
181220,332660,3
181260,332660,3
181300,332660,3
180500,332620,2
180540,332620,2
180580,332620,2
180620,332620,1
180660,332620,1
180700,332620,1
180740,332620,1
180780,332620,1
180820,332620,1
180860,332620,3
180900,332620,3
180940,332620,3
180980,332620,3
181020,332620,3
181060,332620,3
181100,332620,3
181140,332620,3
181180,332620,3
181220,332620,3
181260,332620,3
180460,332580,2
180500,332580,2
180540,332580,2
180580,332580,2
180620,332580,1
180660,332580,1
180700,332580,1
180740,332580,1
180780,332580,1
180820,332580,3
180860,332580,3
180900,332580,3
180940,332580,3
180980,332580,3
181020,332580,3
181060,332580,3
181100,332580,3
181140,332580,3
181180,332580,3
181220,332580,3
181260,332580,3
180420,332540,2
180460,332540,2
180500,332540,2
180540,332540,2
180580,332540,2
180620,332540,1
180660,332540,1
180700,332540,1
180740,332540,3
180780,332540,3
180820,332540,3
180860,332540,3
180900,332540,3
180940,332540,3
180980,332540,3
181020,332540,3
181060,332540,3
181100,332540,3
181140,332540,3
181180,332540,3
181220,332540,3
180380,332500,2
180420,332500,2
180460,332500,2
180500,332500,2
180540,332500,2
180580,332500,2
180620,332500,1
180660,332500,1
180700,332500,1
180740,332500,3
180780,332500,3
180820,332500,3
180860,332500,3
180900,332500,3
180940,332500,3
180980,332500,3
181020,332500,3
181060,332500,3
181100,332500,3
181140,332500,3
181180,332500,3
181220,332500,3
180340,332460,2
180380,332460,2
180420,332460,2
180460,332460,2
180500,332460,2
180540,332460,2
180580,332460,1
180620,332460,1
180660,332460,1
180700,332460,1
180740,332460,1
180780,332460,3
180820,332460,3
180860,332460,3
180900,332460,3
180940,332460,3
180980,332460,3
181020,332460,3
181060,332460,3
181100,332460,3
181140,332460,3
181180,332460,3
180300,332420,2
180340,332420,2
180380,332420,2
180420,332420,2
180460,332420,2
180500,332420,1
180540,332420,1
180580,332420,1
180620,332420,1
180660,332420,1
180700,332420,1
180740,332420,3
180780,332420,3
180820,332420,3
180860,332420,3
180900,332420,3
180940,332420,3
180980,332420,3
181020,332420,3
181060,332420,3
181100,332420,3
181140,332420,3
181180,332420,3
180260,332380,2
180300,332380,2
180340,332380,2
180380,332380,2
180420,332380,2
180460,332380,1
180500,332380,1
180540,332380,1
180580,332380,1
180620,332380,1
180660,332380,1
180700,332380,1
180740,332380,3
180780,332380,3
180820,332380,3
180860,332380,3
180900,332380,3
180940,332380,3
180980,332380,3
181020,332380,3
181060,332380,3
181100,332380,3
181140,332380,3
180140,332340,2
180180,332340,2
180220,332340,2
180260,332340,2
180300,332340,2
180340,332340,2
180380,332340,2
180420,332340,2
180460,332340,1
180500,332340,1
180540,332340,1
180580,332340,1
180620,332340,1
180660,332340,1
180700,332340,3
180740,332340,3
180780,332340,3
180820,332340,3
180860,332340,3
180900,332340,3
180940,332340,3
180980,332340,3
181020,332340,3
181060,332340,3
181100,332340,3
181140,332340,3
180020,332300,2
180060,332300,2
180100,332300,2
180140,332300,2
180180,332300,2
180220,332300,2
180260,332300,2
180300,332300,2
180340,332300,2
180380,332300,2
180420,332300,1
180460,332300,1
180500,332300,1
180540,332300,1
180580,332300,1
180620,332300,3
180660,332300,3
180700,332300,3
180740,332300,3
180780,332300,3
180820,332300,3
180860,332300,3
180900,332300,3
180940,332300,3
180980,332300,3
181020,332300,3
181060,332300,3
181100,332300,3
179860,332260,2
179900,332260,2
179940,332260,2
179980,332260,2
180020,332260,2
180060,332260,2
180100,332260,2
180140,332260,2
180180,332260,2
180220,332260,2
180260,332260,2
180300,332260,2
180340,332260,2
180380,332260,2
180420,332260,1
180460,332260,1
180500,332260,1
180540,332260,3
180580,332260,3
180620,332260,3
180660,332260,3
180700,332260,3
180740,332260,3
180780,332260,3
180820,332260,3
180860,332260,3
180900,332260,3
180940,332260,3
180980,332260,3
181020,332260,3
181060,332260,3
181100,332260,3
179700,332220,2
179740,332220,2
179780,332220,2
179820,332220,2
179860,332220,2
179900,332220,2
179940,332220,2
179980,332220,2
180020,332220,2
180060,332220,2
180100,332220,2
180140,332220,2
180180,332220,2
180220,332220,2
180260,332220,2
180300,332220,2
180340,332220,2
180380,332220,1
180420,332220,1
180460,332220,1
180500,332220,1
180540,332220,3
180580,332220,3
180620,332220,3
180660,332220,3
180700,332220,3
180740,332220,3
180780,332220,3
180820,332220,3
180860,332220,3
180900,332220,3
180940,332220,3
180980,332220,3
181020,332220,3
181060,332220,3
179660,332180,2
179700,332180,2
179740,332180,2
179780,332180,2
179820,332180,2
179860,332180,2
179900,332180,2
179940,332180,2
179980,332180,2
180020,332180,2
180060,332180,2
180100,332180,2
180140,332180,2
180180,332180,2
180220,332180,2
180260,332180,2
180300,332180,2
180340,332180,2
180380,332180,1
180420,332180,1
180460,332180,1
180500,332180,3
180540,332180,3
180580,332180,3
180620,332180,3
180660,332180,3
180700,332180,3
180740,332180,3
180780,332180,3
180820,332180,3
180860,332180,3
180900,332180,3
180940,332180,3
180980,332180,3
181020,332180,3
181060,332180,3
179620,332140,2
179660,332140,2
179700,332140,2
179740,332140,2
179780,332140,2
179820,332140,2
179860,332140,2
179900,332140,2
179940,332140,2
179980,332140,2
180020,332140,2
180060,332140,2
180100,332140,2
180140,332140,2
180180,332140,2
180220,332140,2
180260,332140,2
180300,332140,2
180340,332140,1
180380,332140,1
180420,332140,1
180460,332140,3
180500,332140,3
180540,332140,3
180580,332140,3
180620,332140,3
180660,332140,3
180700,332140,3
180740,332140,3
180780,332140,3
180820,332140,3
180860,332140,3
180900,332140,3
180940,332140,3
180980,332140,3
181020,332140,3
179580,332100,2
179620,332100,2
179660,332100,2
179700,332100,2
179740,332100,2
179780,332100,2
179820,332100,2
179860,332100,2
179900,332100,2
179940,332100,2
179980,332100,2
180020,332100,2
180060,332100,2
180100,332100,2
180140,332100,2
180180,332100,2
180220,332100,2
180260,332100,2
180300,332100,2
180340,332100,1
180380,332100,1
180420,332100,1
180460,332100,3
180500,332100,3
180540,332100,3
180580,332100,3
180620,332100,3
180660,332100,3
180700,332100,3
180740,332100,3
180780,332100,3
180820,332100,3
180860,332100,3
180900,332100,3
180940,332100,3
180980,332100,3
181020,332100,3
179580,332060,2
179620,332060,2
179660,332060,2
179700,332060,2
179740,332060,2
179780,332060,2
179820,332060,2
179860,332060,2
179900,332060,2
179940,332060,2
179980,332060,2
180020,332060,2
180060,332060,2
180100,332060,2
180140,332060,2
180180,332060,2
180220,332060,1
180260,332060,1
180300,332060,1
180340,332060,1
180380,332060,1
180420,332060,3
180460,332060,3
180500,332060,3
180540,332060,3
180580,332060,3
180620,332060,3
180660,332060,3
180700,332060,3
180740,332060,3
180780,332060,3
180820,332060,3
180860,332060,3
180900,332060,3
180940,332060,3
180980,332060,3
179540,332020,2
179580,332020,2
179620,332020,2
179660,332020,2
179700,332020,1
179740,332020,1
179780,332020,1
179820,332020,1
179860,332020,1
179900,332020,1
179940,332020,1
179980,332020,1
180020,332020,1
180060,332020,1
180100,332020,1
180140,332020,1
180180,332020,1
180220,332020,1
180260,332020,1
180300,332020,1
180340,332020,1
180380,332020,1
180420,332020,3
180460,332020,3
180500,332020,3
180540,332020,3
180580,332020,3
180620,332020,3
180660,332020,3
180700,332020,3
180740,332020,3
180780,332020,3
180820,332020,3
180860,332020,3
180900,332020,3
180940,332020,3
180980,332020,3
179540,331980,2
179580,331980,2
179620,331980,1
179660,331980,1
179700,331980,1
179740,331980,1
179780,331980,1
179820,331980,1
179860,331980,1
179900,331980,1
179940,331980,1
179980,331980,1
180020,331980,1
180060,331980,1
180100,331980,1
180140,331980,1
180180,331980,1
180220,331980,1
180260,331980,1
180300,331980,1
180340,331980,1
180380,331980,1
180420,331980,3
180460,331980,3
180500,331980,3
180540,331980,3
180580,331980,3
180620,331980,3
180660,331980,3
180700,331980,3
180740,331980,3
180780,331980,3
180820,331980,3
180860,331980,3
180900,331980,3
180940,331980,3
179540,331940,2
179580,331940,1
179620,331940,1
179660,331940,1
179700,331940,1
179740,331940,1
179780,331940,1
179820,331940,1
179860,331940,1
179900,331940,1
179940,331940,1
179980,331940,1
180020,331940,1
180060,331940,1
180100,331940,1
180140,331940,1
180180,331940,1
180220,331940,1
180260,331940,1
180300,331940,1
180340,331940,1
180380,331940,3
180420,331940,3
180460,331940,3
180500,331940,3
180540,331940,3
180580,331940,3
180620,331940,3
180660,331940,3
180700,331940,3
180740,331940,3
180780,331940,3
180820,331940,3
180860,331940,3
180900,331940,3
180940,331940,3
179500,331900,1
179540,331900,1
179580,331900,1
179620,331900,1
179660,331900,1
179700,331900,1
179740,331900,1
179780,331900,1
179820,331900,1
179860,331900,1
179900,331900,1
179940,331900,1
179980,331900,1
180020,331900,3
180060,331900,3
180100,331900,3
180140,331900,3
180180,331900,1
180220,331900,1
180260,331900,1
180300,331900,1
180340,331900,1
180380,331900,3
180420,331900,3
180460,331900,3
180500,331900,3
180540,331900,3
180580,331900,3
180620,331900,3
180660,331900,3
180700,331900,3
180740,331900,3
180780,331900,3
180820,331900,3
180860,331900,3
180900,331900,3
179500,331860,1
179540,331860,1
179580,331860,1
179620,331860,1
179660,331860,1
179700,331860,1
179740,331860,1
179780,331860,1
179820,331860,3
179860,331860,1
179900,331860,1
179940,331860,1
179980,331860,3
180020,331860,3
180060,331860,3
180100,331860,3
180140,331860,3
180180,331860,3
180220,331860,1
180260,331860,1
180300,331860,1
180340,331860,3
180380,331860,3
180420,331860,3
180460,331860,3
180500,331860,3
180540,331860,3
180580,331860,3
180620,331860,3
180660,331860,3
180700,331860,3
180740,331860,3
180780,331860,3
180820,331860,3
180860,331860,3
180900,331860,3
179500,331820,1
179540,331820,1
179580,331820,1
179620,331820,1
179660,331820,1
179700,331820,1
179740,331820,3
179780,331820,3
179820,331820,3
179860,331820,3
179900,331820,1
179940,331820,3
179980,331820,3
180020,331820,3
180060,331820,3
180100,331820,3
180140,331820,3
180180,331820,3
180220,331820,3
180260,331820,3
180300,331820,3
180340,331820,3
180380,331820,3
180420,331820,3
180460,331820,3
180500,331820,3
180540,331820,3
180580,331820,3
180620,331820,3
180660,331820,3
180700,331820,3
180740,331820,3
180780,331820,3
180820,331820,3
180860,331820,3
179500,331780,1
179540,331780,1
179580,331780,1
179620,331780,1
179660,331780,1
179700,331780,3
179740,331780,3
179780,331780,3
179820,331780,3
179860,331780,3
179900,331780,3
179940,331780,3
179980,331780,3
180020,331780,3
180060,331780,3
180100,331780,3
180140,331780,3
180180,331780,3
180220,331780,3
180260,331780,3
180300,331780,3
180340,331780,3
180380,331780,3
180420,331780,3
180460,331780,3
180500,331780,3
180540,331780,3
180580,331780,3
180620,331780,3
180660,331780,3
180700,331780,3
180740,331780,3
180780,331780,3
180820,331780,3
179460,331740,1
179500,331740,1
179540,331740,1
179580,331740,1
179620,331740,1
179660,331740,3
179700,331740,3
179740,331740,3
179780,331740,3
179820,331740,3
179860,331740,3
179900,331740,3
179940,331740,3
179980,331740,3
180020,331740,3
180060,331740,3
180100,331740,3
180140,331740,3
180180,331740,3
180220,331740,3
180260,331740,3
180300,331740,3
180340,331740,3
180380,331740,3
180420,331740,3
180460,331740,3
180500,331740,3
180540,331740,3
180580,331740,3
180620,331740,3
180660,331740,3
180700,331740,3
180740,331740,3
180780,331740,3
180820,331740,3
179460,331700,1
179500,331700,1
179540,331700,1
179580,331700,1
179620,331700,3
179660,331700,3
179700,331700,3
179740,331700,3
179780,331700,3
179820,331700,3
179860,331700,3
179900,331700,3
179940,331700,3
179980,331700,3
180020,331700,3
180060,331700,3
180100,331700,3
180140,331700,3
180180,331700,3
180220,331700,3
180260,331700,3
180300,331700,3
180340,331700,3
180380,331700,3
180420,331700,3
180460,331700,3
180500,331700,3
180540,331700,3
180580,331700,3
180620,331700,3
180660,331700,3
180700,331700,3
180740,331700,3
180780,331700,3
179460,331660,1
179500,331660,1
179540,331660,1
179580,331660,1
179620,331660,3
179660,331660,3
179700,331660,3
179740,331660,3
179780,331660,3
179820,331660,3
179860,331660,3
179900,331660,3
179940,331660,3
179980,331660,3
180020,331660,3
180060,331660,3
180100,331660,3
180140,331660,3
180180,331660,3
180220,331660,3
180260,331660,3
180300,331660,3
180340,331660,3
180380,331660,3
180420,331660,3
180460,331660,3
180500,331660,3
180540,331660,3
180580,331660,3
180620,331660,3
180660,331660,3
180700,331660,3
180740,331660,3
180780,331660,3
179460,331620,1
179500,331620,1
179540,331620,1
179580,331620,1
179620,331620,3
179660,331620,3
179700,331620,3
179740,331620,3
179780,331620,3
179820,331620,3
179860,331620,3
179900,331620,3
179940,331620,3
179980,331620,3
180020,331620,3
180060,331620,3
180100,331620,3
180140,331620,3
180180,331620,1
180220,331620,1
180260,331620,3
180300,331620,3
180340,331620,3
180380,331620,3
180420,331620,3
180460,331620,3
180500,331620,3
180540,331620,3
180580,331620,3
180620,331620,3
180660,331620,3
180700,331620,3
180740,331620,3
179420,331580,1
179460,331580,1
179500,331580,1
179540,331580,1
179580,331580,1
179620,331580,3
179660,331580,3
179700,331580,3
179740,331580,3
179780,331580,3
179820,331580,3
179860,331580,3
179900,331580,3
179940,331580,3
179980,331580,3
180020,331580,3
180060,331580,3
180100,331580,3
180140,331580,3
180180,331580,1
180220,331580,1
180260,331580,3
180300,331580,3
180340,331580,3
180380,331580,3
180420,331580,3
180460,331580,3
180500,331580,3
180540,331580,3
180580,331580,3
180620,331580,3
180660,331580,3
180700,331580,3
180740,331580,3
179420,331540,1
179460,331540,1
179500,331540,1
179540,331540,1
179580,331540,1
179620,331540,3
179660,331540,3
179700,331540,3
179740,331540,3
179780,331540,3
179820,331540,3
179860,331540,3
179900,331540,3
179940,331540,3
179980,331540,3
180020,331540,3
180060,331540,3
180100,331540,3
180140,331540,3
180180,331540,3
180220,331540,3
180260,331540,3
180300,331540,3
180340,331540,3
180380,331540,3
180420,331540,3
180460,331540,3
180500,331540,3
180540,331540,3
180580,331540,3
180620,331540,3
180660,331540,3
180700,331540,3
179380,331500,1
179420,331500,1
179460,331500,1
179500,331500,1
179540,331500,1
179580,331500,1
179620,331500,1
179660,331500,3
179700,331500,3
179740,331500,3
179780,331500,3
179820,331500,3
179860,331500,3
179900,331500,3
179940,331500,3
179980,331500,3
180020,331500,3
180060,331500,3
180100,331500,3
180140,331500,3
180180,331500,3
180220,331500,3
180260,331500,3
180300,331500,3
180340,331500,3
180380,331500,3
180420,331500,3
180460,331500,3
180500,331500,3
180540,331500,3
180580,331500,3
180620,331500,3
180660,331500,3
180700,331500,3
179380,331460,1
179420,331460,1
179460,331460,1
179500,331460,1
179540,331460,1
179580,331460,1
179620,331460,1
179660,331460,3
179700,331460,3
179740,331460,3
179780,331460,3
179820,331460,3
179860,331460,3
179900,331460,3
179940,331460,3
179980,331460,3
180020,331460,3
180060,331460,3
180100,331460,3
180140,331460,3
180180,331460,3
180220,331460,3
180260,331460,3
180300,331460,3
180340,331460,3
180380,331460,3
180420,331460,3
180460,331460,3
180500,331460,3
180540,331460,3
180580,331460,3
180620,331460,3
180660,331460,3
179340,331420,1
179380,331420,1
179420,331420,1
179460,331420,1
179500,331420,1
179540,331420,1
179580,331420,1
179620,331420,1
179660,331420,3
179700,331420,3
179740,331420,3
179780,331420,3
179820,331420,3
179860,331420,3
179900,331420,3
179940,331420,3
179980,331420,3
180020,331420,3
180060,331420,3
180100,331420,3
180140,331420,3
180180,331420,3
180220,331420,3
180260,331420,3
180300,331420,3
180340,331420,3
180380,331420,3
180420,331420,3
180460,331420,3
180500,331420,3
180540,331420,3
180580,331420,3
180620,331420,3
180660,331420,3
179300,331380,1
179340,331380,1
179380,331380,1
179420,331380,1
179460,331380,1
179500,331380,1
179540,331380,1
179580,331380,1
179620,331380,1
179660,331380,3
179700,331380,3
179740,331380,3
179780,331380,3
179820,331380,3
179860,331380,3
179900,331380,3
179940,331380,3
179980,331380,3
180020,331380,3
180060,331380,3
180100,331380,3
180140,331380,3
180180,331380,3
180220,331380,3
180260,331380,3
180300,331380,3
180340,331380,3
180380,331380,3
180420,331380,3
180460,331380,3
180500,331380,3
180540,331380,3
180580,331380,3
180620,331380,3
179260,331340,1
179300,331340,1
179340,331340,1
179380,331340,1
179420,331340,1
179460,331340,3
179500,331340,3
179540,331340,3
179580,331340,3
179620,331340,1
179660,331340,3
179700,331340,3
179740,331340,3
179780,331340,3
179820,331340,3
179860,331340,3
179900,331340,3
179940,331340,3
179980,331340,3
180020,331340,3
180060,331340,3
180100,331340,3
180140,331340,3
180180,331340,3
180220,331340,3
180260,331340,3
180300,331340,3
180340,331340,3
180380,331340,3
180420,331340,3
180460,331340,3
180500,331340,3
180540,331340,3
180580,331340,3
180620,331340,3
179220,331300,2
179260,331300,1
179300,331300,1
179340,331300,1
179380,331300,1
179420,331300,1
179460,331300,1
179500,331300,1
179540,331300,3
179580,331300,3
179620,331300,3
179660,331300,3
179700,331300,3
179740,331300,3
179780,331300,3
179820,331300,3
179860,331300,3
179900,331300,3
179940,331300,3
179980,331300,3
180020,331300,3
180060,331300,3
180100,331300,3
180140,331300,3
180180,331300,3
180220,331300,3
180260,331300,3
180300,331300,3
180340,331300,3
180380,331300,3
180420,331300,3
180460,331300,3
180500,331300,3
180540,331300,3
180580,331300,3
179180,331260,2
179220,331260,2
179260,331260,1
179300,331260,1
179340,331260,1
179380,331260,1
179420,331260,1
179460,331260,1
179500,331260,1
179540,331260,1
179580,331260,1
179620,331260,3
179660,331260,3
179700,331260,3
179740,331260,3
179780,331260,3
179820,331260,3
179860,331260,3
179900,331260,3
179940,331260,3
179980,331260,3
180020,331260,3
180060,331260,3
180100,331260,3
180140,331260,3
180180,331260,3
180220,331260,3
180260,331260,3
180300,331260,3
180340,331260,3
180380,331260,3
180420,331260,3
180460,331260,3
180500,331260,3
180540,331260,3
180580,331260,3
179140,331220,2
179180,331220,2
179220,331220,2
179260,331220,1
179300,331220,1
179340,331220,2
179380,331220,2
179420,331220,2
179460,331220,1
179500,331220,1
179540,331220,1
179580,331220,1
179620,331220,3
179660,331220,3
179700,331220,3
179740,331220,3
179780,331220,3
179820,331220,3
179860,331220,3
179900,331220,3
179940,331220,3
179980,331220,3
180020,331220,3
180060,331220,3
180100,331220,3
180140,331220,3
180180,331220,3
180220,331220,3
180260,331220,3
180300,331220,3
180340,331220,3
180380,331220,3
180420,331220,3
180460,331220,3
180500,331220,3
180540,331220,3
179140,331180,2
179180,331180,2
179220,331180,2
179260,331180,2
179300,331180,2
179340,331180,2
179380,331180,2
179420,331180,2
179460,331180,2
179500,331180,2
179540,331180,1
179580,331180,1
179620,331180,3
179660,331180,3
179700,331180,3
179740,331180,3
179780,331180,3
179820,331180,3
179860,331180,3
179900,331180,3
179940,331180,3
179980,331180,3
180020,331180,3
180060,331180,3
180100,331180,3
180140,331180,3
180180,331180,3
180220,331180,3
180260,331180,3
180300,331180,3
180340,331180,3
180380,331180,3
180420,331180,3
180460,331180,3
180500,331180,3
180540,331180,3
179100,331140,2
179140,331140,2
179180,331140,2
179220,331140,2
179260,331140,2
179300,331140,2
179340,331140,2
179380,331140,2
179420,331140,2
179460,331140,2
179500,331140,2
179540,331140,1
179580,331140,1
179620,331140,3
179660,331140,3
179700,331140,3
179740,331140,3
179780,331140,3
179820,331140,3
179860,331140,3
179900,331140,3
179940,331140,3
179980,331140,3
180020,331140,3
180060,331140,3
180100,331140,3
180140,331140,3
180180,331140,3
180220,331140,3
180260,331140,3
180300,331140,3
180340,331140,3
180380,331140,3
180420,331140,3
180460,331140,3
180500,331140,3
179100,331100,2
179140,331100,2
179180,331100,2
179220,331100,2
179260,331100,2
179300,331100,2
179340,331100,2
179380,331100,2
179420,331100,2
179460,331100,2
179500,331100,2
179540,331100,1
179580,331100,1
179620,331100,3
179660,331100,3
179700,331100,3
179740,331100,3
179780,331100,3
179820,331100,3
179860,331100,3
179900,331100,3
179940,331100,3
179980,331100,3
180020,331100,3
180060,331100,3
180100,331100,3
180140,331100,3
180180,331100,3
180220,331100,3
180260,331100,3
180300,331100,3
180340,331100,3
180380,331100,3
180420,331100,3
180460,331100,3
180500,331100,3
179100,331060,2
179140,331060,2
179180,331060,2
179220,331060,2
179260,331060,2
179300,331060,2
179340,331060,2
179380,331060,2
179420,331060,2
179460,331060,2
179500,331060,1
179540,331060,1
179580,331060,1
179620,331060,3
179660,331060,3
179700,331060,3
179740,331060,3
179780,331060,3
179820,331060,3
179860,331060,3
179900,331060,3
179940,331060,3
179980,331060,3
180020,331060,3
180060,331060,3
180100,331060,3
180140,331060,3
180180,331060,3
180220,331060,3
180260,331060,3
180300,331060,3
180340,331060,3
180380,331060,3
180420,331060,3
180460,331060,3
179060,331020,2
179100,331020,2
179140,331020,2
179180,331020,2
179220,331020,2
179260,331020,2
179300,331020,2
179340,331020,1
179380,331020,1
179420,331020,1
179460,331020,1
179500,331020,1
179540,331020,1
179580,331020,1
179620,331020,1
179660,331020,1
179700,331020,1
179740,331020,3
179780,331020,3
179820,331020,3
179860,331020,3
179900,331020,3
179940,331020,3
179980,331020,3
180020,331020,3
180060,331020,3
180100,331020,3
180140,331020,3
180180,331020,3
180220,331020,3
180260,331020,3
180300,331020,3
180340,331020,3
180380,331020,3
180420,331020,3
180460,331020,3
178980,330980,2
179020,330980,2
179060,330980,2
179100,330980,2
179140,330980,2
179180,330980,2
179220,330980,2
179260,330980,2
179300,330980,1
179340,330980,1
179380,330980,1
179420,330980,1
179460,330980,1
179500,330980,1
179540,330980,1
179580,330980,1
179620,330980,1
179660,330980,1
179700,330980,1
179740,330980,1
179780,330980,3
179820,330980,3
179860,330980,3
179900,330980,3
179940,330980,3
179980,330980,3
180020,330980,3
180060,330980,3
180100,330980,3
180140,330980,3
180180,330980,3
180220,330980,3
180260,330980,3
180300,330980,3
180340,330980,3
180380,330980,3
180420,330980,3
178900,330940,2
178940,330940,2
178980,330940,2
179020,330940,2
179060,330940,2
179100,330940,2
179140,330940,2
179180,330940,2
179220,330940,2
179260,330940,2
179300,330940,1
179340,330940,1
179380,330940,1
179420,330940,1
179460,330940,1
179500,330940,1
179540,330940,1
179580,330940,3
179620,330940,1
179660,330940,1
179700,330940,1
179740,330940,1
179780,330940,3
179820,330940,3
179860,330940,3
179900,330940,3
179940,330940,3
179980,330940,3
180020,330940,3
180060,330940,3
180100,330940,3
180140,330940,3
180180,330940,3
180220,330940,3
180260,330940,3
180300,330940,3
180340,330940,3
180380,330940,3
180420,330940,3
178860,330900,2
178900,330900,2
178940,330900,2
178980,330900,2
179020,330900,2
179060,330900,2
179100,330900,2
179140,330900,2
179180,330900,2
179220,330900,2
179260,330900,1
179300,330900,1
179340,330900,1
179380,330900,1
179420,330900,1
179460,330900,3
179500,330900,3
179540,330900,1
179580,330900,1
179620,330900,1
179660,330900,1
179700,330900,1
179740,330900,1
179780,330900,3
179820,330900,3
179860,330900,3
179900,330900,3
179940,330900,3
179980,330900,3
180020,330900,3
180060,330900,3
180100,330900,3
180140,330900,3
180180,330900,3
180220,330900,3
180260,330900,3
180300,330900,3
180340,330900,3
180380,330900,3
180420,330900,3
178820,330860,2
178860,330860,2
178900,330860,2
178940,330860,2
178980,330860,2
179020,330860,2
179060,330860,2
179100,330860,2
179140,330860,2
179180,330860,2
179220,330860,1
179260,330860,1
179300,330860,1
179340,330860,1
179380,330860,3
179420,330860,1
179460,330860,1
179500,330860,1
179540,330860,1
179580,330860,1
179620,330860,1
179660,330860,1
179700,330860,1
179740,330860,1
179780,330860,3
179820,330860,1
179860,330860,3
179900,330860,3
179940,330860,3
179980,330860,3
180020,330860,3
180060,330860,3
180100,330860,3
180140,330860,3
180180,330860,3
180220,330860,3
180260,330860,3
180300,330860,3
180340,330860,3
180380,330860,3
180420,330860,3
178820,330820,2
178860,330820,2
178900,330820,2
178940,330820,2
178980,330820,2
179020,330820,2
179060,330820,2
179100,330820,2
179140,330820,2
179180,330820,2
179220,330820,1
179260,330820,1
179300,330820,1
179340,330820,1
179380,330820,1
179420,330820,1
179460,330820,1
179500,330820,1
179540,330820,1
179580,330820,3
179620,330820,3
179660,330820,1
179700,330820,1
179740,330820,1
179780,330820,1
179820,330820,1
179860,330820,1
179900,330820,1
179940,330820,1
179980,330820,3
180020,330820,3
180060,330820,3
180100,330820,3
180140,330820,3
180180,330820,3
180220,330820,3
180260,330820,3
180300,330820,3
180340,330820,3
180380,330820,3
178780,330780,2
178820,330780,2
178860,330780,2
178900,330780,2
178940,330780,2
178980,330780,2
179020,330780,2
179060,330780,2
179100,330780,2
179140,330780,2
179180,330780,1
179220,330780,1
179260,330780,1
179300,330780,1
179340,330780,1
179380,330780,1
179420,330780,1
179460,330780,3
179500,330780,3
179540,330780,3
179580,330780,3
179620,330780,3
179660,330780,3
179700,330780,1
179740,330780,1
179780,330780,1
179820,330780,1
179860,330780,1
179900,330780,1
179940,330780,1
179980,330780,1
180020,330780,1
180060,330780,3
180100,330780,3
180140,330780,3
180180,330780,3
180220,330780,3
180260,330780,3
180300,330780,3
180340,330780,3
180380,330780,3
178740,330740,2
178780,330740,2
178820,330740,2
178860,330740,2
178900,330740,2
178940,330740,2
178980,330740,2
179020,330740,2
179060,330740,2
179100,330740,2
179140,330740,1
179180,330740,1
179220,330740,1
179260,330740,1
179300,330740,1
179340,330740,1
179380,330740,1
179420,330740,3
179460,330740,3
179500,330740,3
179540,330740,3
179580,330740,3
179620,330740,3
179660,330740,3
179700,330740,1
179740,330740,1
179780,330740,1
179820,330740,1
179860,330740,1
179900,330740,1
179940,330740,1
179980,330740,1
180020,330740,1
180060,330740,3
180100,330740,3
180140,330740,3
180180,330740,1
180220,330740,1
180260,330740,1
180300,330740,1
180340,330740,1
180380,330740,1
178700,330700,2
178740,330700,2
178780,330700,2
178820,330700,2
178860,330700,2
178900,330700,2
178940,330700,2
178980,330700,2
179020,330700,2
179060,330700,2
179100,330700,1
179140,330700,1
179180,330700,1
179220,330700,1
179260,330700,1
179300,330700,1
179340,330700,3
179380,330700,3
179420,330700,3
179460,330700,3
179500,330700,3
179540,330700,3
179580,330700,3
179620,330700,3
179660,330700,3
179700,330700,1
179740,330700,1
179780,330700,1
179820,330700,1
179860,330700,1
179900,330700,1
179940,330700,1
179980,330700,1
180020,330700,1
180060,330700,1
180100,330700,1
180140,330700,1
180180,330700,1
180220,330700,1
180260,330700,1
180300,330700,1
180340,330700,1
180380,330700,1
180420,330700,1
178700,330660,2
178740,330660,2
178780,330660,2
178820,330660,2
178860,330660,2
178900,330660,2
178940,330660,2
178980,330660,2
179020,330660,2
179060,330660,2
179100,330660,1
179140,330660,1
179180,330660,1
179220,330660,1
179260,330660,3
179300,330660,3
179340,330660,3
179380,330660,3
179420,330660,3
179460,330660,3
179500,330660,3
179540,330660,3
179580,330660,3
179620,330660,3
179660,330660,3
179700,330660,1
179740,330660,1
179780,330660,1
179820,330660,1
179860,330660,1
179900,330660,1
179940,330660,1
179980,330660,1
180020,330660,1
180060,330660,1
180100,330660,1
180140,330660,1
180180,330660,1
180220,330660,1
180260,330660,1
180300,330660,1
180340,330660,1
180380,330660,1
180420,330660,1
178660,330620,2
178700,330620,2
178740,330620,2
178780,330620,2
178820,330620,2
178860,330620,2
178900,330620,2
178940,330620,2
178980,330620,2
179020,330620,1
179060,330620,1
179100,330620,1
179140,330620,1
179180,330620,1
179220,330620,1
179260,330620,3
179300,330620,3
179340,330620,3
179380,330620,3
179420,330620,3
179460,330620,3
179500,330620,3
179540,330620,3
179580,330620,3
179620,330620,3
179660,330620,3
179700,330620,1
179740,330620,1
179780,330620,1
179820,330620,1
179860,330620,1
179900,330620,1
179940,330620,1
179980,330620,1
180020,330620,1
180060,330620,1
180100,330620,1
180140,330620,1
180180,330620,1
180220,330620,1
180260,330620,1
180300,330620,1
180340,330620,1
180380,330620,1
180420,330620,1
178620,330580,2
178660,330580,2
178700,330580,2
178740,330580,2
178780,330580,2
178820,330580,2
178860,330580,2
178900,330580,1
178940,330580,1
178980,330580,1
179020,330580,1
179060,330580,1
179100,330580,1
179140,330580,1
179180,330580,1
179220,330580,3
179260,330580,3
179300,330580,3
179340,330580,3
179380,330580,3
179420,330580,3
179460,330580,3
179500,330580,3
179540,330580,3
179580,330580,3
179620,330580,3
179660,330580,3
179700,330580,3
179740,330580,1
179780,330580,1
179820,330580,1
179860,330580,1
179900,330580,1
179940,330580,1
179980,330580,1
180020,330580,1
180060,330580,1
180100,330580,1
180140,330580,1
180180,330580,1
180220,330580,1
180260,330580,1
180300,330580,1
180340,330580,1
180380,330580,1
180420,330580,1
178580,330540,2
178620,330540,2
178660,330540,2
178700,330540,2
178740,330540,2
178780,330540,2
178820,330540,1
178860,330540,1
178900,330540,1
178940,330540,1
178980,330540,1
179020,330540,1
179060,330540,1
179100,330540,1
179140,330540,1
179180,330540,3
179220,330540,3
179260,330540,3
179300,330540,3
179340,330540,3
179380,330540,3
179420,330540,3
179460,330540,3
179500,330540,3
179540,330540,3
179580,330540,3
179620,330540,3
179660,330540,3
179700,330540,3
179740,330540,1
179780,330540,1
179820,330540,1
179860,330540,1
179900,330540,1
179940,330540,1
179980,330540,2
180020,330540,2
180060,330540,2
180100,330540,2
180140,330540,2
180180,330540,2
180220,330540,2
180260,330540,2
180300,330540,2
180340,330540,2
180380,330540,1
180420,330540,1
180460,330540,1
178540,330500,2
178580,330500,2
178620,330500,2
178660,330500,2
178700,330500,2
178740,330500,2
178780,330500,1
178820,330500,1
178860,330500,1
178900,330500,1
178940,330500,1
178980,330500,1
179020,330500,1
179060,330500,1
179100,330500,1
179140,330500,1
179180,330500,3
179220,330500,3
179260,330500,3
179300,330500,3
179340,330500,3
179380,330500,3
179420,330500,3
179460,330500,3
179500,330500,3
179540,330500,3
179580,330500,3
179620,330500,3
179660,330500,3
179700,330500,3
179740,330500,1
179780,330500,1
179820,330500,1
179860,330500,1
179900,330500,1
179940,330500,2
179980,330500,2
180020,330500,2
180060,330500,2
180100,330500,2
180140,330500,2
180180,330500,2
180220,330500,2
180260,330500,2
180300,330500,2
180340,330500,2
180380,330500,2
180420,330500,2
180460,330500,1
178540,330460,2
178580,330460,2
178620,330460,2
178660,330460,2
178700,330460,2
178740,330460,1
178780,330460,1
178820,330460,1
178860,330460,1
178900,330460,1
178940,330460,1
178980,330460,1
179020,330460,1
179060,330460,1
179100,330460,1
179140,330460,1
179180,330460,3
179220,330460,3
179260,330460,3
179300,330460,3
179340,330460,3
179380,330460,3
179420,330460,3
179460,330460,3
179500,330460,3
179540,330460,3
179580,330460,3
179620,330460,3
179660,330460,3
179700,330460,3
179740,330460,1
179780,330460,1
179820,330460,1
179860,330460,1
179900,330460,1
179940,330460,2
179980,330460,2
180020,330460,2
180060,330460,2
180100,330460,2
180140,330460,2
180180,330460,2
180220,330460,2
180260,330460,2
180300,330460,2
180340,330460,2
180380,330460,2
180420,330460,2
180460,330460,2
180500,330460,1
178500,330420,2
178540,330420,2
178580,330420,2
178620,330420,2
178660,330420,2
178700,330420,1
178740,330420,1
178780,330420,1
178820,330420,1
178860,330420,1
178900,330420,1
178940,330420,1
178980,330420,1
179020,330420,1
179060,330420,1
179100,330420,1
179140,330420,1
179180,330420,3
179220,330420,3
179260,330420,3
179300,330420,3
179340,330420,3
179380,330420,3
179420,330420,3
179460,330420,3
179500,330420,3
179540,330420,3
179580,330420,3
179620,330420,3
179660,330420,3
179700,330420,1
179740,330420,1
179780,330420,1
179820,330420,1
179860,330420,1
179900,330420,2
179940,330420,2
179980,330420,2
180020,330420,2
180060,330420,2
180100,330420,2
180140,330420,2
180180,330420,2
180220,330420,2
180260,330420,2
180300,330420,2
180340,330420,2
180380,330420,2
180420,330420,2
180460,330420,2
180500,330420,2
180540,330420,1
178500,330380,2
178540,330380,2
178580,330380,2
178620,330380,2
178660,330380,1
178700,330380,1
178740,330380,1
178780,330380,1
178820,330380,1
178860,330380,1
178900,330380,1
178940,330380,1
178980,330380,1
179020,330380,1
179060,330380,1
179100,330380,1
179140,330380,3
179180,330380,3
179220,330380,3
179260,330380,3
179300,330380,3
179340,330380,3
179380,330380,3
179420,330380,3
179460,330380,3
179500,330380,3
179540,330380,3
179580,330380,3
179620,330380,3
179660,330380,3
179700,330380,1
179740,330380,1
179780,330380,1
179820,330380,1
179860,330380,1
179900,330380,2
179940,330380,2
179980,330380,2
180020,330380,2
180060,330380,2
180100,330380,2
180140,330380,2
180180,330380,2
180220,330380,2
180260,330380,2
180300,330380,2
180340,330380,2
180380,330380,2
180420,330380,2
180460,330380,2
180500,330380,2
180540,330380,1
180580,330380,1
178500,330340,2
178540,330340,2
178580,330340,2
178620,330340,2
178660,330340,1
178700,330340,1
178740,330340,1
178780,330340,1
178820,330340,1
178860,330340,1
178900,330340,1
178940,330340,1
178980,330340,1
179020,330340,1
179060,330340,1
179100,330340,1
179140,330340,3
179180,330340,3
179220,330340,3
179260,330340,3
179300,330340,3
179340,330340,3
179380,330340,3
179420,330340,3
179460,330340,3
179500,330340,3
179540,330340,3
179580,330340,3
179620,330340,3
179660,330340,1
179700,330340,1
179740,330340,1
179780,330340,1
179820,330340,1
179860,330340,2
179900,330340,2
179940,330340,2
179980,330340,2
180020,330340,2
180060,330340,2
180100,330340,2
180140,330340,2
180180,330340,2
180220,330340,2
180260,330340,2
180300,330340,2
180340,330340,2
180380,330340,2
180420,330340,2
180460,330340,2
180500,330340,2
180540,330340,1
180580,330340,1
180620,330340,1
178500,330300,2
178540,330300,2
178580,330300,2
178620,330300,1
178660,330300,1
178700,330300,1
178740,330300,1
178780,330300,1
178820,330300,1
178860,330300,1
178900,330300,1
178940,330300,1
178980,330300,1
179020,330300,1
179060,330300,1
179100,330300,1
179140,330300,3
179180,330300,3
179220,330300,3
179260,330300,3
179300,330300,3
179340,330300,3
179380,330300,3
179420,330300,3
179460,330300,3
179500,330300,3
179540,330300,3
179580,330300,3
179620,330300,3
179660,330300,1
179700,330300,1
179740,330300,1
179780,330300,1
179820,330300,1
179860,330300,2
179900,330300,2
179940,330300,2
179980,330300,2
180020,330300,2
180060,330300,2
180100,330300,2
180140,330300,2
180180,330300,2
180220,330300,2
180260,330300,2
180300,330300,2
180340,330300,2
180380,330300,2
180420,330300,2
180460,330300,2
180500,330300,1
180540,330300,1
180580,330300,1
180620,330300,1
180660,330300,1
178500,330260,2
178540,330260,2
178580,330260,2
178620,330260,2
178660,330260,1
178700,330260,1
178740,330260,1
178780,330260,1
178820,330260,1
178860,330260,1
178900,330260,1
178940,330260,1
178980,330260,1
179020,330260,1
179060,330260,1
179100,330260,1
179140,330260,3
179180,330260,3
179220,330260,3
179260,330260,3
179300,330260,3
179340,330260,3
179380,330260,3
179420,330260,3
179460,330260,3
179500,330260,3
179540,330260,3
179580,330260,3
179620,330260,3
179660,330260,1
179700,330260,1
179740,330260,1
179780,330260,1
179820,330260,1
179860,330260,2
179900,330260,2
179940,330260,2
179980,330260,2
180020,330260,2
180060,330260,2
180100,330260,2
180300,330260,2
180340,330260,2
180380,330260,2
180420,330260,2
180460,330260,2
180500,330260,1
180540,330260,1
180580,330260,1
180620,330260,1
180660,330260,1
178500,330220,2
178540,330220,2
178580,330220,2
178620,330220,2
178660,330220,1
178700,330220,1
178740,330220,1
178780,330220,1
178820,330220,1
178860,330220,1
178900,330220,1
178940,330220,1
178980,330220,1
179020,330220,1
179060,330220,3
179100,330220,3
179140,330220,3
179180,330220,3
179220,330220,3
179260,330220,3
179300,330220,3
179340,330220,3
179380,330220,3
179420,330220,3
179460,330220,3
179500,330220,3
179540,330220,3
179580,330220,3
179620,330220,3
179660,330220,1
179700,330220,1
179740,330220,1
179780,330220,1
179820,330220,1
179860,330220,2
179900,330220,2
179940,330220,2
179980,330220,2
180460,330220,2
180500,330220,1
180540,330220,1
180580,330220,1
180620,330220,1
180660,330220,1
180700,330220,1
178460,330180,2
178500,330180,2
178540,330180,2
178580,330180,2
178620,330180,2
178660,330180,1
178700,330180,1
178740,330180,1
178780,330180,1
178820,330180,1
178860,330180,1
178900,330180,1
178940,330180,1
178980,330180,3
179020,330180,3
179060,330180,3
179100,330180,3
179140,330180,3
179180,330180,3
179220,330180,3
179260,330180,3
179300,330180,3
179340,330180,3
179380,330180,3
179420,330180,3
179460,330180,3
179500,330180,3
179540,330180,3
179580,330180,3
179620,330180,1
179660,330180,1
179700,330180,1
179740,330180,1
179780,330180,1
179820,330180,2
179860,330180,2
179900,330180,2
179940,330180,2
180540,330180,1
180580,330180,1
180620,330180,1
180660,330180,1
180700,330180,1
178460,330140,2
178500,330140,2
178540,330140,2
178580,330140,2
178620,330140,2
178660,330140,1
178700,330140,1
178740,330140,1
178780,330140,1
178820,330140,1
178860,330140,1
178900,330140,1
178940,330140,1
178980,330140,3
179020,330140,3
179060,330140,3
179100,330140,3
179140,330140,3
179180,330140,3
179220,330140,3
179260,330140,3
179300,330140,3
179340,330140,3
179380,330140,3
179420,330140,3
179460,330140,3
179500,330140,3
179540,330140,3
179580,330140,3
179620,330140,1
179660,330140,1
179700,330140,1
179740,330140,1
179780,330140,1
179820,330140,2
179860,330140,2
179900,330140,2
180620,330140,1
180660,330140,1
180700,330140,1
178500,330100,2
178540,330100,2
178580,330100,2
178620,330100,2
178660,330100,1
178700,330100,1
178740,330100,1
178780,330100,1
178820,330100,1
178860,330100,1
178900,330100,1
178940,330100,1
178980,330100,1
179020,330100,3
179060,330100,3
179100,330100,3
179140,330100,3
179180,330100,3
179220,330100,3
179260,330100,3
179300,330100,3
179340,330100,3
179380,330100,3
179420,330100,3
179460,330100,3
179500,330100,3
179540,330100,3
179580,330100,3
179620,330100,1
179660,330100,1
179700,330100,1
179740,330100,1
179780,330100,1
179820,330100,2
179860,330100,2
180660,330100,1
180700,330100,1
178500,330060,2
178540,330060,2
178580,330060,2
178620,330060,2
178660,330060,2
178700,330060,1
178740,330060,1
178780,330060,1
178820,330060,1
178860,330060,1
178900,330060,1
178940,330060,1
178980,330060,1
179020,330060,3
179060,330060,3
179100,330060,3
179140,330060,3
179180,330060,3
179220,330060,3
179260,330060,3
179300,330060,3
179340,330060,3
179380,330060,3
179420,330060,3
179460,330060,3
179500,330060,3
179540,330060,3
179580,330060,3
179620,330060,1
179660,330060,1
179700,330060,1
179740,330060,1
179780,330060,1
179820,330060,2
178500,330020,2
178540,330020,2
178580,330020,2
178620,330020,2
178660,330020,2
178700,330020,2
178740,330020,1
178780,330020,1
178820,330020,1
178860,330020,1
178900,330020,1
178940,330020,1
178980,330020,1
179020,330020,1
179060,330020,3
179100,330020,3
179140,330020,3
179180,330020,3
179220,330020,3
179260,330020,3
179300,330020,3
179340,330020,3
179380,330020,3
179420,330020,3
179460,330020,3
179500,330020,3
179540,330020,3
179580,330020,3
179620,330020,1
179660,330020,1
179700,330020,1
179740,330020,1
179780,330020,1
178500,329980,2
178540,329980,2
178580,329980,2
178620,329980,2
178660,329980,2
178700,329980,2
178740,329980,1
178780,329980,1
178820,329980,1
178860,329980,1
178900,329980,1
178940,329980,1
178980,329980,1
179020,329980,1
179060,329980,1
179100,329980,3
179140,329980,3
179180,329980,3
179220,329980,3
179260,329980,3
179300,329980,3
179340,329980,3
179380,329980,3
179420,329980,3
179460,329980,3
179500,329980,3
179540,329980,3
179580,329980,1
179620,329980,1
179660,329980,1
179700,329980,1
179740,329980,1
178540,329940,2
178580,329940,2
178620,329940,2
178660,329940,2
178700,329940,2
178740,329940,2
178780,329940,2
178820,329940,1
178860,329940,1
178900,329940,1
178940,329940,1
178980,329940,1
179020,329940,1
179060,329940,1
179100,329940,1
179140,329940,1
179180,329940,1
179220,329940,1
179260,329940,1
179300,329940,1
179340,329940,1
179380,329940,1
179420,329940,1
179460,329940,3
179500,329940,3
179540,329940,3
179580,329940,1
179620,329940,1
179660,329940,1
179700,329940,1
179740,329940,1
178540,329900,2
178580,329900,2
178620,329900,2
178660,329900,2
178700,329900,2
178740,329900,2
178780,329900,2
178820,329900,2
178860,329900,1
178900,329900,1
178940,329900,1
178980,329900,1
179020,329900,1
179060,329900,1
179100,329900,1
179140,329900,1
179180,329900,1
179220,329900,1
179260,329900,1
179300,329900,1
179340,329900,1
179380,329900,1
179420,329900,1
179460,329900,1
179500,329900,1
179540,329900,1
179580,329900,1
179620,329900,1
179660,329900,1
179700,329900,1
178540,329860,2
178580,329860,2
178620,329860,2
178660,329860,2
178700,329860,2
178740,329860,2
178780,329860,2
178820,329860,2
178860,329860,2
178900,329860,1
178940,329860,1
178980,329860,1
179020,329860,1
179060,329860,1
179100,329860,1
179140,329860,1
179180,329860,1
179220,329860,1
179260,329860,1
179300,329860,1
179340,329860,1
179380,329860,1
179420,329860,1
179460,329860,1
179500,329860,1
179540,329860,1
179580,329860,1
179620,329860,1
179660,329860,1
178580,329820,2
178620,329820,2
178660,329820,2
178700,329820,2
178740,329820,2
178780,329820,2
178820,329820,2
178860,329820,2
178900,329820,2
178940,329820,1
178980,329820,1
179020,329820,1
179060,329820,1
179100,329820,1
179140,329820,1
179180,329820,1
179220,329820,1
179260,329820,1
179300,329820,1
179340,329820,1
179380,329820,1
179420,329820,1
179460,329820,1
179500,329820,1
179540,329820,1
179580,329820,1
179620,329820,1
178620,329780,2
178660,329780,2
178700,329780,2
178740,329780,2
178780,329780,2
178820,329780,2
178860,329780,2
178900,329780,2
178940,329780,2
178980,329780,1
179020,329780,1
179060,329780,1
179100,329780,1
179140,329780,1
179180,329780,1
179220,329780,1
179260,329780,1
179300,329780,1
179340,329780,1
179380,329780,1
179420,329780,1
179460,329780,1
179500,329780,1
179540,329780,1
179580,329780,1
178660,329740,2
178700,329740,2
178740,329740,2
178780,329740,2
178820,329740,2
178860,329740,2
178900,329740,2
178940,329740,2
178980,329740,2
179020,329740,1
179060,329740,1
179100,329740,1
179140,329740,1
179180,329740,1
179220,329740,1
179260,329740,1
179300,329740,1
179340,329740,1
179380,329740,1
179420,329740,1
179460,329740,1
179500,329740,1
179540,329740,1
178740,329700,2
178780,329700,2
178820,329700,2
178860,329700,2
178900,329700,2
178940,329700,2
178980,329700,2
179020,329700,2
179060,329700,2
179100,329700,1
179140,329700,1
179180,329700,1
179220,329700,1
179260,329700,1
179300,329700,1
179340,329700,1
179380,329700,1
179420,329700,1
179460,329700,1
178780,329660,2
178820,329660,2
178860,329660,2
178900,329660,2
178940,329660,2
178980,329660,2
179020,329660,2
179060,329660,2
179100,329660,2
179140,329660,2
179180,329660,2
179220,329660,2
179260,329660,2
179300,329660,1
179340,329660,1
179380,329660,1
178900,329620,2
178940,329620,2
178980,329620,2
179020,329620,2
179060,329620,2
179100,329620,2
179140,329620,2
179180,329620,2
179220,329620,2
